# No              x0             py0            T            C            Stab              xh             pyh
00000 -1.52511527e-02 -1.15257851e+01  17.83447413   -1.35406580 +2.26946408e+06 +1.76280651e+00 -1.67391877e+00
00001 -1.53044428e-02 -1.15058102e+01  17.82786652   -1.35001192 +2.25670127e+06 +1.76106455e+00 -1.67255361e+00
00002 -1.53580111e-02 -1.14858356e+01  17.82123165   -1.34595413 +2.24399209e+06 +1.75932025e+00 -1.67118701e+00
00003 -1.54118597e-02 -1.14658615e+01  17.81456935   -1.34189242 +2.23133644e+06 +1.75757363e+00 -1.66981897e+00
00004 -1.54659904e-02 -1.14458878e+01  17.80787948   -1.33782677 +2.21873423e+06 +1.75582466e+00 -1.66844948e+00
00005 -1.55204051e-02 -1.14259146e+01  17.80116186   -1.33375718 +2.20618537e+06 +1.75407336e+00 -1.66707855e+00
00006 -1.55751059e-02 -1.14059418e+01  17.79441633   -1.32968363 +2.19368976e+06 +1.75231971e+00 -1.66570618e+00
00007 -1.56300948e-02 -1.13859694e+01  17.78764272   -1.32560610 +2.18124730e+06 +1.75056371e+00 -1.66433236e+00
00008 -1.56853737e-02 -1.13659975e+01  17.78084088   -1.32152460 +2.16885791e+06 +1.74880537e+00 -1.66295709e+00
00009 -1.57409446e-02 -1.13460260e+01  17.77401062   -1.31743909 +2.15652148e+06 +1.74704466e+00 -1.66158038e+00
00010 -1.57968096e-02 -1.13260551e+01  17.76715179   -1.31334958 +2.14423792e+06 +1.74528160e+00 -1.66020222e+00
00011 -1.58529708e-02 -1.13060846e+01  17.76026422   -1.30925604 +2.13200714e+06 +1.74351618e+00 -1.65882262e+00
00012 -1.59094301e-02 -1.12861145e+01  17.75334772   -1.30515847 +2.11982904e+06 +1.74174840e+00 -1.65744156e+00
00013 -1.59661897e-02 -1.12661450e+01  17.74640213   -1.30105685 +2.10770352e+06 +1.73997824e+00 -1.65605906e+00
00014 -1.60232517e-02 -1.12461760e+01  17.73942728   -1.29695116 +2.09563050e+06 +1.73820572e+00 -1.65467511e+00
00015 -1.60806182e-02 -1.12262075e+01  17.73242299   -1.29284141 +2.08360988e+06 +1.73643082e+00 -1.65328971e+00
00016 -1.61382913e-02 -1.12062396e+01  17.72538909   -1.28872756 +2.07164157e+06 +1.73465354e+00 -1.65190286e+00
00017 -1.61962732e-02 -1.11862721e+01  17.71832540   -1.28460961 +2.05972546e+06 +1.73287389e+00 -1.65051456e+00
00018 -1.62545661e-02 -1.11663052e+01  17.71123173   -1.28048755 +2.04786147e+06 +1.73109185e+00 -1.64912482e+00
00019 -1.63131721e-02 -1.11463389e+01  17.70410792   -1.27636136 +2.03604950e+06 +1.72930742e+00 -1.64773362e+00
00020 -1.63720935e-02 -1.11263731e+01  17.69695378   -1.27223103 +2.02428946e+06 +1.72752061e+00 -1.64634097e+00
00021 -1.64313325e-02 -1.11064079e+01  17.68976912   -1.26809655 +2.01258125e+06 +1.72573140e+00 -1.64494688e+00
00022 -1.64908914e-02 -1.10864433e+01  17.68255378   -1.26395789 +2.00092477e+06 +1.72393980e+00 -1.64355133e+00
00023 -1.65507724e-02 -1.10664792e+01  17.67530755   -1.25981506 +1.98931994e+06 +1.72214580e+00 -1.64215433e+00
00024 -1.66109777e-02 -1.10465158e+01  17.66803026   -1.25566803 +1.97776666e+06 +1.72034940e+00 -1.64075589e+00
00025 -1.66715098e-02 -1.10265530e+01  17.66072172   -1.25151679 +1.96626484e+06 +1.71855060e+00 -1.63935599e+00
00026 -1.67323709e-02 -1.10065908e+01  17.65338174   -1.24736133 +1.95481438e+06 +1.71674939e+00 -1.63795464e+00
00027 -1.67935634e-02 -1.09866292e+01  17.64601013   -1.24320163 +1.94341518e+06 +1.71494577e+00 -1.63655184e+00
00028 -1.68550897e-02 -1.09666683e+01  17.63860670   -1.23903768 +1.93206716e+06 +1.71313975e+00 -1.63514760e+00
00029 -1.69169521e-02 -1.09467081e+01  17.63117126   -1.23486947 +1.92077022e+06 +1.71133131e+00 -1.63374190e+00
00030 -1.69791530e-02 -1.09267485e+01  17.62370361   -1.23069698 +1.90952426e+06 +1.70952045e+00 -1.63233476e+00
00031 -1.70416950e-02 -1.09067896e+01  17.61620357   -1.22652019 +1.89832919e+06 +1.70770718e+00 -1.63092616e+00
00032 -1.71045803e-02 -1.08868314e+01  17.60867093   -1.22233910 +1.88718492e+06 +1.70589149e+00 -1.62951612e+00
00033 -1.71678115e-02 -1.08668739e+01  17.60110551   -1.21815369 +1.87609135e+06 +1.70407337e+00 -1.62810463e+00
00034 -1.72313911e-02 -1.08469172e+01  17.59350709   -1.21396395 +1.86504839e+06 +1.70225283e+00 -1.62669170e+00
00035 -1.72953216e-02 -1.08269611e+01  17.58587548   -1.20976986 +1.85405594e+06 +1.70042987e+00 -1.62527731e+00
00036 -1.73596056e-02 -1.08070059e+01  17.57821048   -1.20557140 +1.84311392e+06 +1.69860448e+00 -1.62386148e+00
00037 -1.74242455e-02 -1.07870513e+01  17.57051188   -1.20136857 +1.83222222e+06 +1.69677665e+00 -1.62244421e+00
00038 -1.74892440e-02 -1.07670976e+01  17.56277949   -1.19716134 +1.82138076e+06 +1.69494640e+00 -1.62102549e+00
00039 -1.75546037e-02 -1.07471446e+01  17.55501310   -1.19294971 +1.81058944e+06 +1.69311371e+00 -1.61960532e+00
00040 -1.76203271e-02 -1.07271925e+01  17.54721250   -1.18873366 +1.79984816e+06 +1.69127859e+00 -1.61818371e+00
00041 -1.76864170e-02 -1.07072411e+01  17.53937748   -1.18451317 +1.78915683e+06 +1.68944103e+00 -1.61676066e+00
00042 -1.77528760e-02 -1.06872906e+01  17.53150784   -1.18028823 +1.77851536e+06 +1.68760103e+00 -1.61533617e+00
00043 -1.78197068e-02 -1.06673410e+01  17.52360336   -1.17605882 +1.76792365e+06 +1.68575859e+00 -1.61391024e+00
00044 -1.78869121e-02 -1.06473922e+01  17.51566383   -1.17182494 +1.75738162e+06 +1.68391371e+00 -1.61248287e+00
00045 -1.79544947e-02 -1.06274443e+01  17.50768905   -1.16758656 +1.74688916e+06 +1.68206639e+00 -1.61105406e+00
00046 -1.80224573e-02 -1.06074973e+01  17.49967878   -1.16334368 +1.73644618e+06 +1.68021662e+00 -1.60962381e+00
00047 -1.80908026e-02 -1.05875512e+01  17.49163283   -1.15909626 +1.72605260e+06 +1.67836441e+00 -1.60819213e+00
00048 -1.81595336e-02 -1.05676060e+01  17.48355096   -1.15484431 +1.71570830e+06 +1.67650976e+00 -1.60675901e+00
00049 -1.82286531e-02 -1.05476618e+01  17.47543297   -1.15058781 +1.70541321e+06 +1.67465266e+00 -1.60532446e+00
00050 -1.82981638e-02 -1.05277185e+01  17.46727862   -1.14632673 +1.69516723e+06 +1.67279311e+00 -1.60388847e+00
00051 -1.83680688e-02 -1.05077762e+01  17.45908771   -1.14206107 +1.68497026e+06 +1.67093111e+00 -1.60245106e+00
00052 -1.84383708e-02 -1.04878349e+01  17.45086001   -1.13779081 +1.67482221e+06 +1.66906666e+00 -1.60101222e+00
00053 -1.85090729e-02 -1.04678946e+01  17.44259528   -1.13351594 +1.66472299e+06 +1.66719977e+00 -1.59957195e+00
00054 -1.85801780e-02 -1.04479554e+01  17.43429332   -1.12923643 +1.65467251e+06 +1.66533042e+00 -1.59813025e+00
00055 -1.86516891e-02 -1.04280172e+01  17.42595388   -1.12495228 +1.64467066e+06 +1.66345863e+00 -1.59668713e+00
00056 -1.87236092e-02 -1.04080801e+01  17.41757674   -1.12066347 +1.63471736e+06 +1.66158438e+00 -1.59524258e+00
00057 -1.87959413e-02 -1.03881441e+01  17.40916168   -1.11636998 +1.62481251e+06 +1.65970769e+00 -1.59379662e+00
00058 -1.88686885e-02 -1.03682091e+01  17.40070845   -1.11207180 +1.61495602e+06 +1.65782854e+00 -1.59234924e+00
00059 -1.89418540e-02 -1.03482754e+01  17.39221682   -1.10776891 +1.60514779e+06 +1.65594695e+00 -1.59090044e+00
00060 -1.90154407e-02 -1.03283427e+01  17.38368657   -1.10346129 +1.59538773e+06 +1.65406290e+00 -1.58945022e+00
00061 -1.90894519e-02 -1.03084113e+01  17.37511745   -1.09914894 +1.58567576e+06 +1.65217640e+00 -1.58799860e+00
00062 -1.91638908e-02 -1.02884810e+01  17.36650923   -1.09483183 +1.57601177e+06 +1.65028746e+00 -1.58654556e+00
00063 -1.92387604e-02 -1.02685520e+01  17.35786167   -1.09050995 +1.56639567e+06 +1.64839606e+00 -1.58509112e+00
00064 -1.93140642e-02 -1.02486242e+01  17.34917453   -1.08618329 +1.55682736e+06 +1.64650222e+00 -1.58363527e+00
00065 -1.93898053e-02 -1.02286977e+01  17.34044756   -1.08185182 +1.54730676e+06 +1.64460593e+00 -1.58217801e+00
00066 -1.94659870e-02 -1.02087724e+01  17.33168053   -1.07751553 +1.53783377e+06 +1.64270720e+00 -1.58071936e+00
00067 -1.95426127e-02 -1.01888485e+01  17.32287318   -1.07317441 +1.52840830e+06 +1.64080602e+00 -1.57925931e+00
00068 -1.96196856e-02 -1.01689259e+01  17.31402528   -1.06882843 +1.51903024e+06 +1.63890239e+00 -1.57779786e+00
00069 -1.96972091e-02 -1.01490046e+01  17.30513657   -1.06447759 +1.50969952e+06 +1.63699632e+00 -1.57633502e+00
00070 -1.97751868e-02 -1.01290848e+01  17.29620681   -1.06012186 +1.50041603e+06 +1.63508782e+00 -1.57487079e+00
00071 -1.98536219e-02 -1.01091663e+01  17.28723574   -1.05576124 +1.49117969e+06 +1.63317687e+00 -1.57340517e+00
00072 -1.99325180e-02 -1.00892493e+01  17.27822311   -1.05139570 +1.48199039e+06 +1.63126348e+00 -1.57193817e+00
00073 -2.00118785e-02 -1.00693337e+01  17.26916867   -1.04702523 +1.47284805e+06 +1.62934766e+00 -1.57046979e+00
00074 -2.00917070e-02 -1.00494197e+01  17.26007217   -1.04264980 +1.46375257e+06 +1.62742940e+00 -1.56900003e+00
00075 -2.01720070e-02 -1.00295071e+01  17.25093335   -1.03826942 +1.45470386e+06 +1.62550871e+00 -1.56752890e+00
00076 -2.02527821e-02 -1.00095961e+01  17.24175194   -1.03388405 +1.44570182e+06 +1.62358560e+00 -1.56605640e+00
00077 -2.03340359e-02 -9.98968663e+00  17.23252769   -1.02949368 +1.43674636e+06 +1.62166005e+00 -1.56458253e+00
00078 -2.04157722e-02 -9.96977879e+00  17.22326035   -1.02509830 +1.42783738e+06 +1.61973208e+00 -1.56310729e+00
00079 -2.04979944e-02 -9.94987257e+00  17.21394964   -1.02069789 +1.41897480e+06 +1.61780169e+00 -1.56163069e+00
00080 -2.05807065e-02 -9.92996802e+00  17.20459530   -1.01629243 +1.41015852e+06 +1.61586888e+00 -1.56015274e+00
00081 -2.06639121e-02 -9.91006515e+00  17.19519707   -1.01188190 +1.40138844e+06 +1.61393366e+00 -1.55867343e+00
00082 -2.07476150e-02 -9.89016400e+00  17.18575468   -1.00746629 +1.39266447e+06 +1.61199602e+00 -1.55719278e+00
00083 -2.08318189e-02 -9.87026461e+00  17.17626786   -1.00304558 +1.38398652e+06 +1.61005597e+00 -1.55571078e+00
00084 -2.09165279e-02 -9.85036700e+00  17.16673635   -0.99861976 +1.37535450e+06 +1.60811352e+00 -1.55422744e+00
00085 -2.10017457e-02 -9.83047121e+00  17.15715987   -0.99418881 +1.36676830e+06 +1.60616866e+00 -1.55274276e+00
00086 -2.10874762e-02 -9.81057727e+00  17.14753814   -0.98975270 +1.35822784e+06 +1.60422141e+00 -1.55125675e+00
00087 -2.11737234e-02 -9.79068521e+00  17.13787091   -0.98531143 +1.34973302e+06 +1.60227177e+00 -1.54976941e+00
00088 -2.12604913e-02 -9.77079507e+00  17.12815788   -0.98086498 +1.34128375e+06 +1.60031973e+00 -1.54828075e+00
00089 -2.13477838e-02 -9.75090688e+00  17.11839878   -0.97641332 +1.33287993e+06 +1.59836531e+00 -1.54679076e+00
00090 -2.14356052e-02 -9.73102069e+00  17.10859334   -0.97195645 +1.32452147e+06 +1.59640851e+00 -1.54529947e+00
00091 -2.15239593e-02 -9.71113652e+00  17.09874127   -0.96749434 +1.31620828e+06 +1.59444934e+00 -1.54380686e+00
00092 -2.16128504e-02 -9.69125442e+00  17.08884230   -0.96302699 +1.30794026e+06 +1.59248780e+00 -1.54231295e+00
00093 -2.17022826e-02 -9.67137441e+00  17.07889613   -0.95855436 +1.29971731e+06 +1.59052389e+00 -1.54081774e+00
00094 -2.17922601e-02 -9.65149655e+00  17.06890249   -0.95407644 +1.29153935e+06 +1.58855762e+00 -1.53932123e+00
00095 -2.18827871e-02 -9.63162086e+00  17.05886110   -0.94959322 +1.28340628e+06 +1.58658900e+00 -1.53782344e+00
00096 -2.19738679e-02 -9.61174740e+00  17.04877165   -0.94510468 +1.27531800e+06 +1.58461803e+00 -1.53632436e+00
00097 -2.20655068e-02 -9.59187619e+00  17.03863387   -0.94061080 +1.26727442e+06 +1.58264471e+00 -1.53482400e+00
00098 -2.21577082e-02 -9.57200729e+00  17.02844747   -0.93611157 +1.25927545e+06 +1.58066907e+00 -1.53332237e+00
00099 -2.22504764e-02 -9.55214072e+00  17.01821216   -0.93160696 +1.25132099e+06 +1.57869109e+00 -1.53181947e+00
00100 -2.23438158e-02 -9.53227654e+00  17.00792763   -0.92709696 +1.24341095e+06 +1.57671079e+00 -1.53031531e+00
00101 -2.24377310e-02 -9.51241479e+00  16.99759361   -0.92258155 +1.23554523e+06 +1.57472818e+00 -1.52880989e+00
00102 -2.25322263e-02 -9.49255552e+00  16.98720979   -0.91806072 +1.22772373e+06 +1.57274326e+00 -1.52730322e+00
00103 -2.26273063e-02 -9.47269876e+00  16.97677587   -0.91353444 +1.21994637e+06 +1.57075604e+00 -1.52579531e+00
00104 -2.27229756e-02 -9.45284457e+00  16.96629157   -0.90900270 +1.21221305e+06 +1.56876652e+00 -1.52428616e+00
00105 -2.28192389e-02 -9.43299298e+00  16.95575658   -0.90446548 +1.20452367e+06 +1.56677472e+00 -1.52277577e+00
00106 -2.29161006e-02 -9.41314406e+00  16.94517059   -0.89992276 +1.19687813e+06 +1.56478064e+00 -1.52126417e+00
00107 -2.30135657e-02 -9.39329784e+00  16.93453332   -0.89537453 +1.18927635e+06 +1.56278430e+00 -1.51975134e+00
00108 -2.31116387e-02 -9.37345438e+00  16.92384446   -0.89082077 +1.18171823e+06 +1.56078569e+00 -1.51823730e+00
00109 -2.32103244e-02 -9.35361372e+00  16.91310369   -0.88626146 +1.17420368e+06 +1.55878484e+00 -1.51672206e+00
00110 -2.33096277e-02 -9.33377592e+00  16.90231072   -0.88169657 +1.16673259e+06 +1.55678174e+00 -1.51520562e+00
00111 -2.34095535e-02 -9.31394103e+00  16.89146525   -0.87712611 +1.15930487e+06 +1.55477641e+00 -1.51368799e+00
00112 -2.35101065e-02 -9.29410910e+00  16.88056695   -0.87255004 +1.15192043e+06 +1.55276885e+00 -1.51216917e+00
00113 -2.36112918e-02 -9.27428018e+00  16.86961553   -0.86796834 +1.14457917e+06 +1.55075909e+00 -1.51064918e+00
00114 -2.37131143e-02 -9.25445433e+00  16.85861067   -0.86338101 +1.13728099e+06 +1.54874712e+00 -1.50912801e+00
00115 -2.38155791e-02 -9.23463161e+00  16.84755207   -0.85878802 +1.13002581e+06 +1.54673295e+00 -1.50760569e+00
00116 -2.39186912e-02 -9.21481207e+00  16.83643941   -0.85418936 +1.12281352e+06 +1.54471661e+00 -1.50608221e+00
00117 -2.40224557e-02 -9.19499576e+00  16.82527237   -0.84958500 +1.11564403e+06 +1.54269809e+00 -1.50455758e+00
00118 -2.41268777e-02 -9.17518275e+00  16.81405064   -0.84497493 +1.10851724e+06 +1.54067742e+00 -1.50303182e+00
00119 -2.42319626e-02 -9.15537310e+00  16.80277391   -0.84035913 +1.10143306e+06 +1.53865460e+00 -1.50150493e+00
00120 -2.43377154e-02 -9.13556686e+00  16.79144187   -0.83573759 +1.09439139e+06 +1.53662964e+00 -1.49997691e+00
00121 -2.44441415e-02 -9.11576410e+00  16.78005418   -0.83111027 +1.08739214e+06 +1.53460255e+00 -1.49844778e+00
00122 -2.45512463e-02 -9.09596487e+00  16.76861054   -0.82647718 +1.08043520e+06 +1.53257336e+00 -1.49691754e+00
00123 -2.46590350e-02 -9.07616925e+00  16.75711062   -0.82183828 +1.07352048e+06 +1.53054206e+00 -1.49538621e+00
00124 -2.47675131e-02 -9.05637730e+00  16.74555411   -0.81719357 +1.06664789e+06 +1.52850869e+00 -1.49385378e+00
00125 -2.48766861e-02 -9.03658907e+00  16.73394068   -0.81254301 +1.05981732e+06 +1.52647323e+00 -1.49232028e+00
00126 -2.49865594e-02 -9.01680465e+00  16.72227001   -0.80788660 +1.05302869e+06 +1.52443572e+00 -1.49078571e+00
00127 -2.50971387e-02 -8.99702409e+00  16.71054177   -0.80322432 +1.04628189e+06 +1.52239617e+00 -1.48925007e+00
00128 -2.52084295e-02 -8.97724746e+00  16.69875565   -0.79855614 +1.03957682e+06 +1.52035458e+00 -1.48771339e+00
00129 -2.53204375e-02 -8.95747484e+00  16.68691132   -0.79388206 +1.03291340e+06 +1.51831098e+00 -1.48617566e+00
00130 -2.54331683e-02 -8.93770629e+00  16.67500844   -0.78920204 +1.02629151e+06 +1.51626537e+00 -1.48463689e+00
00131 -2.55466277e-02 -8.91794189e+00  16.66304671   -0.78451608 +1.01971107e+06 +1.51421778e+00 -1.48309710e+00
00132 -2.56608215e-02 -8.89818171e+00  16.65102578   -0.77982416 +1.01317198e+06 +1.51216822e+00 -1.48155630e+00
00133 -2.57757556e-02 -8.87842582e+00  16.63894534   -0.77512625 +1.00667414e+06 +1.51011670e+00 -1.48001449e+00
00134 -2.58914357e-02 -8.85867431e+00  16.62680504   -0.77042234 +1.00021744e+06 +1.50806325e+00 -1.47847169e+00
00135 -2.60078679e-02 -8.83892724e+00  16.61460457   -0.76571241 +9.93801804e+05 +1.50600787e+00 -1.47692790e+00
00136 -2.61250581e-02 -8.81918469e+00  16.60234360   -0.76099644 +9.87427118e+05 +1.50395059e+00 -1.47538314e+00
00137 -2.62430123e-02 -8.79944675e+00  16.59002179   -0.75627441 +9.81093287e+05 +1.50189143e+00 -1.47383742e+00
00138 -2.63617367e-02 -8.77971349e+00  16.57763881   -0.75154632 +9.74800213e+05 +1.49983039e+00 -1.47229074e+00
00139 -2.64812373e-02 -8.75998499e+00  16.56519434   -0.74681213 +9.68547798e+05 +1.49776750e+00 -1.47074312e+00
00140 -2.66015203e-02 -8.74026135e+00  16.55268803   -0.74207182 +9.62335941e+05 +1.49570277e+00 -1.46919457e+00
00141 -2.67225920e-02 -8.72054263e+00  16.54011957   -0.73732539 +9.56164544e+05 +1.49363623e+00 -1.46764509e+00
00142 -2.68444586e-02 -8.70082893e+00  16.52748861   -0.73257282 +9.50033508e+05 +1.49156790e+00 -1.46609471e+00
00143 -2.69671265e-02 -8.68112034e+00  16.51479482   -0.72781407 +9.43942733e+05 +1.48949779e+00 -1.46454343e+00
00144 -2.70906019e-02 -8.66141694e+00  16.50203788   -0.72304915 +9.37892120e+05 +1.48742592e+00 -1.46299126e+00
00145 -2.72148915e-02 -8.64171882e+00  16.48921744   -0.71827802 +9.31881568e+05 +1.48535232e+00 -1.46143821e+00
00146 -2.73400015e-02 -8.62202607e+00  16.47633318   -0.71350067 +9.25910977e+05 +1.48327699e+00 -1.45988430e+00
00147 -2.74659386e-02 -8.60233878e+00  16.46338477   -0.70871708 +9.19980247e+05 +1.48119998e+00 -1.45832954e+00
00148 -2.75927094e-02 -8.58265705e+00  16.45037186   -0.70392723 +9.14089278e+05 +1.47912129e+00 -1.45677393e+00
00149 -2.77203204e-02 -8.56298098e+00  16.43729412   -0.69913111 +9.08237968e+05 +1.47704094e+00 -1.45521750e+00
00150 -2.78487784e-02 -8.54331065e+00  16.42415123   -0.69432870 +9.02426217e+05 +1.47495897e+00 -1.45366025e+00
00151 -2.79780901e-02 -8.52364616e+00  16.41094284   -0.68951997 +8.96653925e+05 +1.47287539e+00 -1.45210219e+00
00152 -2.81082623e-02 -8.50398762e+00  16.39766863   -0.68470491 +8.90920988e+05 +1.47079022e+00 -1.45054334e+00
00153 -2.82393018e-02 -8.48433512e+00  16.38432826   -0.67988351 +8.85227307e+05 +1.46870350e+00 -1.44898371e+00
00154 -2.83712156e-02 -8.46468877e+00  16.37092140   -0.67505574 +8.79572779e+05 +1.46661523e+00 -1.44742331e+00
00155 -2.85040105e-02 -8.44504867e+00  16.35744772   -0.67022158 +8.73957302e+05 +1.46452545e+00 -1.44586216e+00
00156 -2.86376936e-02 -8.42541492e+00  16.34390688   -0.66538101 +8.68380774e+05 +1.46243418e+00 -1.44430026e+00
00157 -2.87722719e-02 -8.40578763e+00  16.33029855   -0.66053403 +8.62843093e+05 +1.46034144e+00 -1.44273764e+00
00158 -2.89077525e-02 -8.38616691e+00  16.31662240   -0.65568060 +8.57344155e+05 +1.45824727e+00 -1.44117429e+00
00159 -2.90441427e-02 -8.36655286e+00  16.30287811   -0.65082072 +8.51883859e+05 +1.45615168e+00 -1.43961025e+00
00160 -2.91814495e-02 -8.34694559e+00  16.28906533   -0.64595435 +8.46462101e+05 +1.45405470e+00 -1.43804551e+00
00161 -2.93196804e-02 -8.32734523e+00  16.27518374   -0.64108149 +8.41078777e+05 +1.45195636e+00 -1.43648010e+00
00162 -2.94588426e-02 -8.30775187e+00  16.26123301   -0.63620212 +8.35733784e+05 +1.44985669e+00 -1.43491402e+00
00163 -2.95989434e-02 -8.28816564e+00  16.24721282   -0.63131621 +8.30427018e+05 +1.44775570e+00 -1.43334729e+00
00164 -2.97399905e-02 -8.26858665e+00  16.23312282   -0.62642375 +8.25158376e+05 +1.44565344e+00 -1.43177993e+00
00165 -2.98819911e-02 -8.24901503e+00  16.21896271   -0.62152472 +8.19927752e+05 +1.44354993e+00 -1.43021194e+00
00166 -3.00249529e-02 -8.22945087e+00  16.20473215   -0.61661910 +8.14735042e+05 +1.44144519e+00 -1.42864335e+00
00167 -3.01688835e-02 -8.20989432e+00  16.19043081   -0.61170688 +8.09580141e+05 +1.43933926e+00 -1.42707415e+00
00168 -3.03137905e-02 -8.19034549e+00  16.17605838   -0.60678802 +8.04462944e+05 +1.43723216e+00 -1.42550438e+00
00169 -3.04596817e-02 -8.17080451e+00  16.16161453   -0.60186252 +7.99383346e+05 +1.43512392e+00 -1.42393404e+00
00170 -3.06065647e-02 -8.15127150e+00  16.14709893   -0.59693036 +7.94341241e+05 +1.43301459e+00 -1.42236314e+00
00171 -3.07544476e-02 -8.13174658e+00  16.13251128   -0.59199152 +7.89336523e+05 +1.43090417e+00 -1.42079171e+00
00172 -3.09033380e-02 -8.11222989e+00  16.11785125   -0.58704597 +7.84369086e+05 +1.42879271e+00 -1.41921975e+00
00173 -3.10532440e-02 -8.09272156e+00  16.10311851   -0.58209370 +7.79438823e+05 +1.42668024e+00 -1.41764728e+00
00174 -3.12041736e-02 -8.07322172e+00  16.08831277   -0.57713469 +7.74545628e+05 +1.42456679e+00 -1.41607431e+00
00175 -3.13561347e-02 -8.05373049e+00  16.07343369   -0.57216893 +7.69689394e+05 +1.42245239e+00 -1.41450087e+00
00176 -3.15091356e-02 -8.03424802e+00  16.05848097   -0.56719638 +7.64870014e+05 +1.42033707e+00 -1.41292695e+00
00177 -3.16631844e-02 -8.01477445e+00  16.04345430   -0.56221704 +7.60087379e+05 +1.41822087e+00 -1.41135258e+00
00178 -3.18182893e-02 -7.99530990e+00  16.02835337   -0.55723088 +7.55341382e+05 +1.41610382e+00 -1.40977778e+00
00179 -3.19744586e-02 -7.97585452e+00  16.01317787   -0.55223789 +7.50631915e+05 +1.41398596e+00 -1.40820255e+00
00180 -3.21317006e-02 -7.95640845e+00  15.99792749   -0.54723804 +7.45958870e+05 +1.41186731e+00 -1.40662691e+00
00181 -3.22900237e-02 -7.93697183e+00  15.98260193   -0.54223132 +7.41322138e+05 +1.40974792e+00 -1.40505087e+00
00182 -3.24494364e-02 -7.91754480e+00  15.96720088   -0.53721770 +7.36721609e+05 +1.40762781e+00 -1.40347446e+00
00183 -3.26099472e-02 -7.89812752e+00  15.95172406   -0.53219717 +7.32157176e+05 +1.40550703e+00 -1.40189768e+00
00184 -3.27715647e-02 -7.87872013e+00  15.93617115   -0.52716971 +7.27628727e+05 +1.40338561e+00 -1.40032056e+00
00185 -3.29342974e-02 -7.85932277e+00  15.92054187   -0.52213529 +7.23136153e+05 +1.40126358e+00 -1.39874309e+00
00186 -3.30981541e-02 -7.83993559e+00  15.90483593   -0.51709390 +7.18679345e+05 +1.39914099e+00 -1.39716531e+00
00187 -3.32631436e-02 -7.82055876e+00  15.88905302   -0.51204551 +7.14258191e+05 +1.39701786e+00 -1.39558722e+00
00188 -3.34292745e-02 -7.80119241e+00  15.87319287   -0.50699012 +7.09872581e+05 +1.39489424e+00 -1.39400884e+00
00189 -3.35965558e-02 -7.78183671e+00  15.85725519   -0.50192768 +7.05522404e+05 +1.39277017e+00 -1.39243019e+00
00190 -3.37649964e-02 -7.76249181e+00  15.84123969   -0.49685819 +7.01207548e+05 +1.39064568e+00 -1.39085127e+00
00191 -3.39346053e-02 -7.74315787e+00  15.82514609   -0.49178163 +6.96927903e+05 +1.38852081e+00 -1.38927211e+00
00192 -3.41053915e-02 -7.72383504e+00  15.80897413   -0.48669797 +6.92683356e+05 +1.38639561e+00 -1.38769271e+00
00193 -3.42773641e-02 -7.70452349e+00  15.79272352   -0.48160719 +6.88473794e+05 +1.38427010e+00 -1.38611310e+00
00194 -3.44505323e-02 -7.68522338e+00  15.77639399   -0.47650927 +6.84299106e+05 +1.38214433e+00 -1.38453328e+00
00195 -3.46249052e-02 -7.66593488e+00  15.75998527   -0.47140419 +6.80159179e+05 +1.38001834e+00 -1.38295328e+00
00196 -3.48004921e-02 -7.64665814e+00  15.74349710   -0.46629193 +6.76053900e+05 +1.37789217e+00 -1.38137310e+00
00197 -3.49773025e-02 -7.62739333e+00  15.72692922   -0.46117247 +6.71983155e+05 +1.37576587e+00 -1.37979276e+00
00198 -3.51553456e-02 -7.60814062e+00  15.71028137   -0.45604578 +6.67946830e+05 +1.37363946e+00 -1.37821228e+00
00199 -3.53346309e-02 -7.58890018e+00  15.69355329   -0.45091184 +6.63944812e+05 +1.37151300e+00 -1.37663167e+00
00200 -3.55151679e-02 -7.56967217e+00  15.67674473   -0.44577063 +6.59976987e+05 +1.36938652e+00 -1.37505094e+00
00201 -3.56969662e-02 -7.55045678e+00  15.65985544   -0.44062213 +6.56043239e+05 +1.36726007e+00 -1.37347011e+00
00202 -3.58800355e-02 -7.53125417e+00  15.64288518   -0.43546631 +6.52143455e+05 +1.36513369e+00 -1.37188919e+00
00203 -3.60643853e-02 -7.51206451e+00  15.62583371   -0.43030315 +6.48277519e+05 +1.36300743e+00 -1.37030820e+00
00204 -3.62500255e-02 -7.49288799e+00  15.60870079   -0.42513262 +6.44445316e+05 +1.36088131e+00 -1.36872715e+00
00205 -3.64369659e-02 -7.47372478e+00  15.59148619   -0.41995471 +6.40646730e+05 +1.35875540e+00 -1.36714605e+00
00206 -3.66252163e-02 -7.45457505e+00  15.57418968   -0.41476938 +6.36881645e+05 +1.35662973e+00 -1.36556491e+00
00207 -3.68147866e-02 -7.43543898e+00  15.55681102   -0.40957662 +6.33149946e+05 +1.35450435e+00 -1.36398376e+00
00208 -3.70056869e-02 -7.41631676e+00  15.53935001   -0.40437640 +6.29451514e+05 +1.35237929e+00 -1.36240260e+00
00209 -3.71979271e-02 -7.39720856e+00  15.52180643   -0.39916869 +6.25786235e+05 +1.35025462e+00 -1.36082144e+00
00210 -3.73915175e-02 -7.37811458e+00  15.50418005   -0.39395347 +6.22153991e+05 +1.34813036e+00 -1.35924031e+00
00211 -3.75864681e-02 -7.35903498e+00  15.48647068   -0.38873071 +6.18554664e+05 +1.34600656e+00 -1.35765920e+00
00212 -3.77827892e-02 -7.33996996e+00  15.46867811   -0.38350038 +6.14988137e+05 +1.34388328e+00 -1.35607814e+00
00213 -3.79804911e-02 -7.32091970e+00  15.45080214   -0.37826247 +6.11454293e+05 +1.34176055e+00 -1.35449714e+00
00214 -3.81795841e-02 -7.30188438e+00  15.43284257   -0.37301693 +6.07953012e+05 +1.33963842e+00 -1.35291620e+00
00215 -3.83800786e-02 -7.28286421e+00  15.41479923   -0.36776375 +6.04484178e+05 +1.33751694e+00 -1.35133535e+00
00216 -3.85819852e-02 -7.26385935e+00  15.39667191   -0.36250289 +6.01047671e+05 +1.33539616e+00 -1.34975458e+00
00217 -3.87853143e-02 -7.24487001e+00  15.37846044   -0.35723433 +5.97643373e+05 +1.33327611e+00 -1.34817392e+00
00218 -3.89900765e-02 -7.22589636e+00  15.36016464   -0.35195804 +5.94271164e+05 +1.33115685e+00 -1.34659337e+00
00219 -3.91962825e-02 -7.20693861e+00  15.34178435   -0.34667398 +5.90930925e+05 +1.32903842e+00 -1.34501295e+00
00220 -3.94039430e-02 -7.18799695e+00  15.32331940   -0.34138213 +5.87622538e+05 +1.32692087e+00 -1.34343267e+00
00221 -3.96130688e-02 -7.16907156e+00  15.30476963   -0.33608246 +5.84345881e+05 +1.32480425e+00 -1.34185252e+00
00222 -3.98236706e-02 -7.15016265e+00  15.28613487   -0.33077493 +5.81100835e+05 +1.32268860e+00 -1.34027254e+00
00223 -4.00357595e-02 -7.13127039e+00  15.26741499   -0.32545952 +5.77887280e+05 +1.32057397e+00 -1.33869272e+00
00224 -4.02493464e-02 -7.11239500e+00  15.24860984   -0.32013619 +5.74705096e+05 +1.31846041e+00 -1.33711307e+00
00225 -4.04644423e-02 -7.09353665e+00  15.22971927   -0.31480491 +5.71554161e+05 +1.31634796e+00 -1.33553361e+00
00226 -4.06810583e-02 -7.07469556e+00  15.21074316   -0.30946564 +5.68434356e+05 +1.31423668e+00 -1.33395434e+00
00227 -4.08992055e-02 -7.05587191e+00  15.19168138   -0.30411835 +5.65345558e+05 +1.31212661e+00 -1.33237527e+00
00228 -4.11188951e-02 -7.03706590e+00  15.17253380   -0.29876300 +5.62287647e+05 +1.31001780e+00 -1.33079641e+00
00229 -4.13401385e-02 -7.01827773e+00  15.15330030   -0.29339956 +5.59260501e+05 +1.30791029e+00 -1.32921777e+00
00230 -4.15629469e-02 -6.99950760e+00  15.13398078   -0.28802800 +5.56263999e+05 +1.30580413e+00 -1.32763935e+00
00231 -4.17873318e-02 -6.98075570e+00  15.11457513   -0.28264827 +5.53298019e+05 +1.30369938e+00 -1.32606116e+00
00232 -4.20133046e-02 -6.96202222e+00  15.09508324   -0.27726034 +5.50362438e+05 +1.30159608e+00 -1.32448320e+00
00233 -4.22408769e-02 -6.94330738e+00  15.07550504   -0.27186416 +5.47457134e+05 +1.29949427e+00 -1.32290549e+00
00234 -4.24700603e-02 -6.92461137e+00  15.05584042   -0.26645970 +5.44581986e+05 +1.29739401e+00 -1.32132803e+00
00235 -4.27008664e-02 -6.90593437e+00  15.03608930   -0.26104692 +5.41736871e+05 +1.29529535e+00 -1.31975081e+00
00236 -4.29333069e-02 -6.88727661e+00  15.01625162   -0.25562578 +5.38921665e+05 +1.29319832e+00 -1.31817386e+00
00237 -4.31673936e-02 -6.86863826e+00  14.99632730   -0.25019623 +5.36136246e+05 +1.29110298e+00 -1.31659717e+00
00238 -4.34031385e-02 -6.85001954e+00  14.97631627   -0.24475822 +5.33380491e+05 +1.28900938e+00 -1.31502074e+00
00239 -4.36405533e-02 -6.83142063e+00  14.95621848   -0.23931173 +5.30654277e+05 +1.28691756e+00 -1.31344458e+00
00240 -4.38796502e-02 -6.81284174e+00  14.93603388   -0.23385669 +5.27957480e+05 +1.28482757e+00 -1.31186869e+00
00241 -4.41204411e-02 -6.79428306e+00  14.91576243   -0.22839307 +5.25289977e+05 +1.28273947e+00 -1.31029307e+00
00242 -4.43629382e-02 -6.77574480e+00  14.89540408   -0.22292082 +5.22651644e+05 +1.28065328e+00 -1.30871773e+00
00243 -4.46071536e-02 -6.75722714e+00  14.87495880   -0.21743988 +5.20042358e+05 +1.27856907e+00 -1.30714267e+00
00244 -4.48530997e-02 -6.73873030e+00  14.85442657   -0.21195022 +5.17461993e+05 +1.27648689e+00 -1.30556788e+00
00245 -4.51007888e-02 -6.72025445e+00  14.83380737   -0.20645177 +5.14910427e+05 +1.27440676e+00 -1.30399336e+00
00246 -4.53502332e-02 -6.70179981e+00  14.81310119   -0.20094449 +5.12387536e+05 +1.27232876e+00 -1.30241913e+00
00247 -4.56014455e-02 -6.68336655e+00  14.79230802   -0.19542833 +5.09893194e+05 +1.27025291e+00 -1.30084516e+00
00248 -4.58544382e-02 -6.66495489e+00  14.77142785   -0.18990322 +5.07427277e+05 +1.26817927e+00 -1.29927147e+00
00249 -4.61092238e-02 -6.64656501e+00  14.75046071   -0.18436912 +5.04989660e+05 +1.26610788e+00 -1.29769805e+00
00250 -4.63658151e-02 -6.62819711e+00  14.72940660   -0.17882597 +5.02580220e+05 +1.26403879e+00 -1.29612489e+00
00251 -4.66242248e-02 -6.60985138e+00  14.70826554   -0.17327371 +5.00198831e+05 +1.26197204e+00 -1.29455200e+00
00252 -4.68844658e-02 -6.59152801e+00  14.68703757   -0.16771228 +4.97845368e+05 +1.25990768e+00 -1.29297937e+00
00253 -4.71465510e-02 -6.57322719e+00  14.66572270   -0.16214162 +4.95519705e+05 +1.25784576e+00 -1.29140698e+00
00254 -4.74104933e-02 -6.55494912e+00  14.64432100   -0.15656167 +4.93221718e+05 +1.25578632e+00 -1.28983485e+00
00255 -4.76763059e-02 -6.53669398e+00  14.62283249   -0.15097237 +4.90951282e+05 +1.25372940e+00 -1.28826296e+00
00256 -4.79440017e-02 -6.51846196e+00  14.60125725   -0.14537365 +4.88708270e+05 +1.25167504e+00 -1.28669130e+00
00257 -4.82135941e-02 -6.50025324e+00  14.57959532   -0.13976544 +4.86492558e+05 +1.24962330e+00 -1.28511987e+00
00258 -4.84850964e-02 -6.48206802e+00  14.55784678   -0.13414769 +4.84304019e+05 +1.24757422e+00 -1.28354866e+00
00259 -4.87585219e-02 -6.46390647e+00  14.53601170   -0.12852031 +4.82142528e+05 +1.24552783e+00 -1.28197765e+00
00260 -4.90338840e-02 -6.44576878e+00  14.51409016   -0.12288324 +4.80007958e+05 +1.24348419e+00 -1.28040685e+00
00261 -4.93111963e-02 -6.42765513e+00  14.49208226   -0.11723640 +4.77900184e+05 +1.24144333e+00 -1.27883623e+00
00262 -4.95904725e-02 -6.40956571e+00  14.46998808   -0.11157972 +4.75819079e+05 +1.23940530e+00 -1.27726579e+00
00263 -4.98717261e-02 -6.39150068e+00  14.44780774   -0.10591314 +4.73764517e+05 +1.23737013e+00 -1.27569551e+00
00264 -5.01549710e-02 -6.37346023e+00  14.42554133   -0.10023655 +4.71736372e+05 +1.23533788e+00 -1.27412538e+00
00265 -5.04402211e-02 -6.35544453e+00  14.40318898   -0.09454990 +4.69734516e+05 +1.23330857e+00 -1.27255539e+00
00266 -5.07274904e-02 -6.33745375e+00  14.38075081   -0.08885310 +4.67758823e+05 +1.23128225e+00 -1.27098552e+00
00267 -5.10167927e-02 -6.31948807e+00  14.35822694   -0.08314607 +4.65809165e+05 +1.22925897e+00 -1.26941575e+00
00268 -5.13081424e-02 -6.30154766e+00  14.33561752   -0.07742871 +4.63885417e+05 +1.22723875e+00 -1.26784608e+00
00269 -5.16015536e-02 -6.28363269e+00  14.31292269   -0.07170095 +4.61987450e+05 +1.22522165e+00 -1.26627648e+00
00270 -5.18970407e-02 -6.26574331e+00  14.29014260   -0.06596270 +4.60115137e+05 +1.22320769e+00 -1.26470693e+00
00271 -5.21946180e-02 -6.24787970e+00  14.26727740   -0.06021387 +4.58268351e+05 +1.22119691e+00 -1.26313742e+00
00272 -5.24943001e-02 -6.23004202e+00  14.24432727   -0.05445436 +4.56446963e+05 +1.21918936e+00 -1.26156793e+00
00273 -5.27961016e-02 -6.21223042e+00  14.22129236   -0.04868408 +4.54650846e+05 +1.21718508e+00 -1.25999843e+00
00274 -5.31000372e-02 -6.19444507e+00  14.19817287   -0.04290293 +4.52879872e+05 +1.21518409e+00 -1.25842890e+00
00275 -5.34061217e-02 -6.17668612e+00  14.17496896   -0.03711082 +4.51133911e+05 +1.21318643e+00 -1.25685932e+00
00276 -5.37143700e-02 -6.15895372e+00  14.15168085   -0.03130765 +4.49412836e+05 +1.21119214e+00 -1.25528967e+00
00277 -5.40247971e-02 -6.14124802e+00  14.12830871   -0.02549332 +4.47716517e+05 +1.20920125e+00 -1.25371992e+00
00278 -5.43374182e-02 -6.12356917e+00  14.10485276   -0.01966771 +4.46044825e+05 +1.20721381e+00 -1.25215005e+00
00279 -5.46522485e-02 -6.10591732e+00  14.08131320   -0.01383072 +4.44397632e+05 +1.20522983e+00 -1.25058003e+00
00280 -5.49693032e-02 -6.08829262e+00  14.05769027   -0.00798225 +4.42774807e+05 +1.20324936e+00 -1.24900984e+00
00281 -5.52885980e-02 -6.07069519e+00  14.03398417   -0.00212218 +4.41176221e+05 +1.20127243e+00 -1.24743944e+00
00282 -5.56101482e-02 -6.05312518e+00  14.01019514    0.00374961 +4.39601743e+05 +1.19929907e+00 -1.24586880e+00
00283 -5.59339697e-02 -6.03558272e+00  13.98632342    0.00963322 +4.38051242e+05 +1.19732932e+00 -1.24429790e+00
00284 -5.62600782e-02 -6.01806795e+00  13.96236925    0.01552878 +4.36524589e+05 +1.19536319e+00 -1.24272671e+00
00285 -5.65884896e-02 -6.00058100e+00  13.93833288    0.02143640 +4.35021652e+05 +1.19340073e+00 -1.24115519e+00
00286 -5.69192199e-02 -5.98312198e+00  13.91421457    0.02735622 +4.33542299e+05 +1.19144196e+00 -1.23958330e+00
00287 -5.72522854e-02 -5.96569103e+00  13.89001458    0.03328835 +4.32086399e+05 +1.18948692e+00 -1.23801102e+00
00288 -5.75877023e-02 -5.94828827e+00  13.86573318    0.03923293 +4.30653819e+05 +1.18753563e+00 -1.23643831e+00
00289 -5.79254871e-02 -5.93091381e+00  13.84137065    0.04519009 +4.29244427e+05 +1.18558812e+00 -1.23486514e+00
00290 -5.82656562e-02 -5.91356776e+00  13.81692726    0.05115995 +4.27858089e+05 +1.18364441e+00 -1.23329145e+00
00291 -5.86082265e-02 -5.89625025e+00  13.79240331    0.05714266 +4.26494672e+05 +1.18170454e+00 -1.23171723e+00
00292 -5.89532146e-02 -5.87896137e+00  13.76779909    0.06313836 +4.25154043e+05 +1.17976853e+00 -1.23014242e+00
00293 -5.93006377e-02 -5.86170123e+00  13.74311489    0.06914718 +4.23836066e+05 +1.17783640e+00 -1.22856699e+00
00294 -5.96505127e-02 -5.84446994e+00  13.71835104    0.07516927 +4.22540608e+05 +1.17590818e+00 -1.22699089e+00
00295 -6.00028570e-02 -5.82726759e+00  13.69350782    0.08120478 +4.21267531e+05 +1.17398390e+00 -1.22541408e+00
00296 -6.03576879e-02 -5.81009427e+00  13.66858557    0.08725386 +4.20016701e+05 +1.17206358e+00 -1.22383653e+00
00297 -6.07150230e-02 -5.79295008e+00  13.64358461    0.09331666 +4.18787981e+05 +1.17014724e+00 -1.22225817e+00
00298 -6.10748800e-02 -5.77583510e+00  13.61850526    0.09939334 +4.17581233e+05 +1.16823490e+00 -1.22067897e+00
00299 -6.14372768e-02 -5.75874943e+00  13.59334786    0.10548406 +4.16396320e+05 +1.16632659e+00 -1.21909888e+00
00300 -6.18022314e-02 -5.74169313e+00  13.56811275    0.11158897 +4.15233104e+05 +1.16442233e+00 -1.21751784e+00
00301 -6.21697620e-02 -5.72466630e+00  13.54280028    0.11770824 +4.14091445e+05 +1.16252213e+00 -1.21593582e+00
00302 -6.25398869e-02 -5.70766899e+00  13.51741079    0.12384205 +4.12971205e+05 +1.16062602e+00 -1.21435276e+00
00303 -6.29126247e-02 -5.69070128e+00  13.49194465    0.12999056 +4.11872241e+05 +1.15873402e+00 -1.21276860e+00
00304 -6.32879941e-02 -5.67376325e+00  13.46640221    0.13615394 +4.10794414e+05 +1.15684614e+00 -1.21118330e+00
00305 -6.36660139e-02 -5.65685494e+00  13.44078385    0.14233237 +4.09737581e+05 +1.15496241e+00 -1.20959679e+00
00306 -6.40467032e-02 -5.63997642e+00  13.41508992    0.14852604 +4.08701599e+05 +1.15308284e+00 -1.20800903e+00
00307 -6.44300813e-02 -5.62312775e+00  13.38932082    0.15473513 +4.07686326e+05 +1.15120744e+00 -1.20641996e+00
00308 -6.48161675e-02 -5.60630897e+00  13.36347692    0.16095982 +4.06691616e+05 +1.14933624e+00 -1.20482951e+00
00309 -6.52049815e-02 -5.58952013e+00  13.33755860    0.16720030 +4.05717324e+05 +1.14746925e+00 -1.20323763e+00
00310 -6.55965432e-02 -5.57276128e+00  13.31156627    0.17345678 +4.04763305e+05 +1.14560649e+00 -1.20164426e+00
00311 -6.59908724e-02 -5.55603246e+00  13.28550032    0.17972943 +4.03829411e+05 +1.14374796e+00 -1.20004933e+00
00312 -6.63879895e-02 -5.53933370e+00  13.25936114    0.18601848 +4.02915494e+05 +1.14189369e+00 -1.19845279e+00
00313 -6.67879149e-02 -5.52266503e+00  13.23314914    0.19232411 +4.02021405e+05 +1.14004369e+00 -1.19685457e+00
00314 -6.71906692e-02 -5.50602649e+00  13.20686474    0.19864654 +4.01146994e+05 +1.13819796e+00 -1.19525460e+00
00315 -6.75962732e-02 -5.48941809e+00  13.18050834    0.20498598 +4.00292109e+05 +1.13635652e+00 -1.19365281e+00
00316 -6.80047480e-02 -5.47283985e+00  13.15408037    0.21134264 +3.99456599e+05 +1.13451939e+00 -1.19204914e+00
00317 -6.84161149e-02 -5.45629180e+00  13.12758124    0.21771674 +3.98640311e+05 +1.13268658e+00 -1.19044351e+00
00318 -6.88303955e-02 -5.43977395e+00  13.10101139    0.22410850 +3.97843089e+05 +1.13085808e+00 -1.18883587e+00
00319 -6.92476114e-02 -5.42328629e+00  13.07437125    0.23051815 +3.97064778e+05 +1.12903393e+00 -1.18722612e+00
00320 -6.96677847e-02 -5.40682884e+00  13.04766124    0.23694592 +3.96305221e+05 +1.12721411e+00 -1.18561421e+00
00321 -7.00909375e-02 -5.39040160e+00  13.02088181    0.24339205 +3.95564260e+05 +1.12539865e+00 -1.18400005e+00
00322 -7.05170924e-02 -5.37400456e+00  12.99403341    0.24985675 +3.94841736e+05 +1.12358756e+00 -1.18238357e+00
00323 -7.09462721e-02 -5.35763772e+00  12.96711647    0.25634029 +3.94137487e+05 +1.12178083e+00 -1.18076469e+00
00324 -7.13784996e-02 -5.34130105e+00  12.94013144    0.26284290 +3.93451352e+05 +1.11997848e+00 -1.17914333e+00
00325 -7.18137980e-02 -5.32499456e+00  12.91307878    0.26936483 +3.92783167e+05 +1.11818051e+00 -1.17751941e+00
00326 -7.22521909e-02 -5.30871820e+00  12.88595895    0.27590633 +3.92132768e+05 +1.11638693e+00 -1.17589284e+00
00327 -7.26937021e-02 -5.29247198e+00  12.85877239    0.28246767 +3.91499987e+05 +1.11459775e+00 -1.17426356e+00
00328 -7.31383555e-02 -5.27625584e+00  12.83151959    0.28904909 +3.90884657e+05 +1.11281298e+00 -1.17263146e+00
00329 -7.35861756e-02 -5.26006977e+00  12.80420100    0.29565087 +3.90286608e+05 +1.11103261e+00 -1.17099646e+00
00330 -7.40371868e-02 -5.24391372e+00  12.77681708    0.30227328 +3.89705669e+05 +1.10925665e+00 -1.16935848e+00
00331 -7.44914142e-02 -5.22778765e+00  12.74936832    0.30891658 +3.89141668e+05 +1.10748511e+00 -1.16771743e+00
00332 -7.49488828e-02 -5.21169153e+00  12.72185518    0.31558105 +3.88594431e+05 +1.10571799e+00 -1.16607321e+00
00333 -7.54096182e-02 -5.19562530e+00  12.69427814    0.32226698 +3.88063781e+05 +1.10395529e+00 -1.16442573e+00
00334 -7.58736461e-02 -5.17958891e+00  12.66663769    0.32897465 +3.87549541e+05 +1.10219702e+00 -1.16277490e+00
00335 -7.63409927e-02 -5.16358230e+00  12.63893430    0.33570435 +3.87051531e+05 +1.10044318e+00 -1.16112062e+00
00336 -7.68116843e-02 -5.14760541e+00  12.61116846    0.34245638 +3.86569570e+05 +1.09869378e+00 -1.15946279e+00
00337 -7.72857477e-02 -5.13165819e+00  12.58334065    0.34923103 +3.86103475e+05 +1.09694880e+00 -1.15780133e+00
00338 -7.77632098e-02 -5.11574055e+00  12.55545136    0.35602860 +3.85653061e+05 +1.09520827e+00 -1.15613612e+00
00339 -7.82440982e-02 -5.09985244e+00  12.52750110    0.36284941 +3.85218141e+05 +1.09347217e+00 -1.15446706e+00
00340 -7.87284405e-02 -5.08399376e+00  12.49949033    0.36969377 +3.84798527e+05 +1.09174051e+00 -1.15279405e+00
00341 -7.92162647e-02 -5.06816446e+00  12.47141957    0.37656198 +3.84394027e+05 +1.09001329e+00 -1.15111699e+00
00342 -7.97075994e-02 -5.05236443e+00  12.44328931    0.38345438 +3.84004448e+05 +1.08829050e+00 -1.14943577e+00
00343 -8.02024731e-02 -5.03659359e+00  12.41510005    0.39037129 +3.83629596e+05 +1.08657216e+00 -1.14775028e+00
00344 -8.07009151e-02 -5.02085185e+00  12.38685229    0.39731304 +3.83269274e+05 +1.08485826e+00 -1.14606041e+00
00345 -8.12029549e-02 -5.00513912e+00  12.35854653    0.40427996 +3.82923282e+05 +1.08314880e+00 -1.14436604e+00
00346 -8.17086222e-02 -4.98945530e+00  12.33018327    0.41127240 +3.82591419e+05 +1.08144378e+00 -1.14266707e+00
00347 -8.22179473e-02 -4.97380028e+00  12.30176302    0.41829070 +3.82273482e+05 +1.07974320e+00 -1.14096338e+00
00348 -8.27309608e-02 -4.95817396e+00  12.27328628    0.42533521 +3.81969264e+05 +1.07804705e+00 -1.13925485e+00
00349 -8.32476937e-02 -4.94257623e+00  12.24475357    0.43240628 +3.81678557e+05 +1.07635534e+00 -1.13754136e+00
00350 -8.37681774e-02 -4.92700698e+00  12.21616539    0.43950427 +3.81401150e+05 +1.07466807e+00 -1.13582279e+00
00351 -8.42924436e-02 -4.91146608e+00  12.18752224    0.44662955 +3.81136831e+05 +1.07298523e+00 -1.13409903e+00
00352 -8.48205246e-02 -4.89595342e+00  12.15882465    0.45378249 +3.80885384e+05 +1.07130683e+00 -1.13236993e+00
00353 -8.53524530e-02 -4.88046887e+00  12.13007312    0.46096346 +3.80646591e+05 +1.06963285e+00 -1.13063538e+00
00354 -8.58882617e-02 -4.86501231e+00  12.10126817    0.46817284 +3.80420232e+05 +1.06796330e+00 -1.12889526e+00
00355 -8.64279842e-02 -4.84958360e+00  12.07241030    0.47541102 +3.80206083e+05 +1.06629819e+00 -1.12714942e+00
00356 -8.69716544e-02 -4.83418262e+00  12.04350003    0.48267838 +3.80003919e+05 +1.06463749e+00 -1.12539773e+00
00357 -8.75193066e-02 -4.81880921e+00  12.01453788    0.48997532 +3.79813511e+05 +1.06298122e+00 -1.12364007e+00
00358 -8.80709755e-02 -4.80346325e+00  11.98552436    0.49730225 +3.79634628e+05 +1.06132937e+00 -1.12187630e+00
00359 -8.86266963e-02 -4.78814458e+00  11.95645999    0.50465956 +3.79467037e+05 +1.05968194e+00 -1.12010627e+00
00360 -8.91865046e-02 -4.77285306e+00  11.92734528    0.51204767 +3.79310500e+05 +1.05803892e+00 -1.11832985e+00
00361 -8.97504366e-02 -4.75758854e+00  11.89818075    0.51946700 +3.79164778e+05 +1.05640032e+00 -1.11654689e+00
00362 -9.03185288e-02 -4.74235086e+00  11.86896691    0.52691797 +3.79029629e+05 +1.05476612e+00 -1.11475726e+00
00363 -9.08908182e-02 -4.72713987e+00  11.83970428    0.53440100 +3.78904807e+05 +1.05313634e+00 -1.11296079e+00
00364 -9.14673425e-02 -4.71195541e+00  11.81039338    0.54191653 +3.78790064e+05 +1.05151096e+00 -1.11115735e+00
00365 -9.20481395e-02 -4.69679730e+00  11.78103472    0.54946500 +3.78685148e+05 +1.04988999e+00 -1.10934679e+00
00366 -9.26332478e-02 -4.68166539e+00  11.75162882    0.55704685 +3.78589805e+05 +1.04827342e+00 -1.10752894e+00
00367 -9.32227063e-02 -4.66655951e+00  11.72217619    0.56466254 +3.78503776e+05 +1.04666125e+00 -1.10570366e+00
00368 -9.38165546e-02 -4.65147948e+00  11.69267736    0.57231252 +3.78426801e+05 +1.04505347e+00 -1.10387078e+00
00369 -9.44148326e-02 -4.63642513e+00  11.66313284    0.57999725 +3.78358616e+05 +1.04345009e+00 -1.10203014e+00
00370 -9.50175809e-02 -4.62139627e+00  11.63354314    0.58771720 +3.78298953e+05 +1.04185110e+00 -1.10018159e+00
00371 -9.56248405e-02 -4.60639274e+00  11.60390878    0.59547284 +3.78247541e+05 +1.04025650e+00 -1.09832496e+00
00372 -9.62366529e-02 -4.59141434e+00  11.57423028    0.60326466 +3.78204106e+05 +1.03866629e+00 -1.09646007e+00
00373 -9.68530602e-02 -4.57646090e+00  11.54450814    0.61109314 +3.78168369e+05 +1.03708047e+00 -1.09458677e+00
00374 -9.74741052e-02 -4.56153221e+00  11.51474288    0.61895878 +3.78140050e+05 +1.03549903e+00 -1.09270487e+00
00375 -9.80998308e-02 -4.54662809e+00  11.48493502    0.62686207 +3.78118862e+05 +1.03392198e+00 -1.09081420e+00
00376 -9.87302810e-02 -4.53174834e+00  11.45508507    0.63480351 +3.78104519e+05 +1.03234931e+00 -1.08891459e+00
00377 -9.93654999e-02 -4.51689278e+00  11.42519354    0.64278362 +3.78096727e+05 +1.03078101e+00 -1.08700585e+00
00378 -1.00005532e-01 -4.50206119e+00  11.39526094    0.65080292 +3.78095189e+05 +1.02921710e+00 -1.08508780e+00
00379 -1.00650424e-01 -4.48725338e+00  11.36528779    0.65886193 +3.78099606e+05 +1.02765756e+00 -1.08316025e+00
00380 -1.01300220e-01 -4.47246914e+00  11.33527458    0.66696118 +3.78109674e+05 +1.02610240e+00 -1.08122302e+00
00381 -1.01954968e-01 -4.45770827e+00  11.30522184    0.67510120 +3.78125084e+05 +1.02455162e+00 -1.07927592e+00
00382 -1.02614715e-01 -4.44297056e+00  11.27513006    0.68328254 +3.78145525e+05 +1.02300521e+00 -1.07731874e+00
00383 -1.03279508e-01 -4.42825579e+00  11.24499976    0.69150576 +3.78170680e+05 +1.02146318e+00 -1.07535130e+00
00384 -1.03949396e-01 -4.41356377e+00  11.21483144    0.69977140 +3.78200229e+05 +1.01992552e+00 -1.07337338e+00
00385 -1.04624428e-01 -4.39889426e+00  11.18462561    0.70808003 +3.78233846e+05 +1.01839224e+00 -1.07138480e+00
00386 -1.05304653e-01 -4.38424706e+00  11.15438276    0.71643222 +3.78271204e+05 +1.01686334e+00 -1.06938534e+00
00387 -1.05990121e-01 -4.36962194e+00  11.12410341    0.72482856 +3.78311968e+05 +1.01533881e+00 -1.06737480e+00
00388 -1.06680884e-01 -4.35501869e+00  11.09378806    0.73326961 +3.78355799e+05 +1.01381865e+00 -1.06535295e+00
00389 -1.07376991e-01 -4.34043708e+00  11.06343720    0.74175598 +3.78402356e+05 +1.01230288e+00 -1.06331960e+00
00390 -1.08078497e-01 -4.32587688e+00  11.03305133    0.75028826 +3.78451291e+05 +1.01079148e+00 -1.06127451e+00
00391 -1.08785453e-01 -4.31133788e+00  11.00263095    0.75886706 +3.78502252e+05 +1.00928446e+00 -1.05921746e+00
00392 -1.09497912e-01 -4.29681984e+00  10.97217656    0.76749299 +3.78554882e+05 +1.00778183e+00 -1.05714824e+00
00393 -1.10215928e-01 -4.28232253e+00  10.94168866    0.77616667 +3.78608818e+05 +1.00628358e+00 -1.05506660e+00
00394 -1.10939556e-01 -4.26784572e+00  10.91116773    0.78488872 +3.78663694e+05 +1.00478972e+00 -1.05297233e+00
00395 -1.11668852e-01 -4.25338919e+00  10.88061427    0.79365979 +3.78719138e+05 +1.00330024e+00 -1.05086518e+00
00396 -1.12403870e-01 -4.23895268e+00  10.85002876    0.80248051 +3.78774771e+05 +1.00181516e+00 -1.04874491e+00
00397 -1.13144667e-01 -4.22453597e+00  10.81941171    0.81135154 +3.78830212e+05 +1.00033447e+00 -1.04661128e+00
00398 -1.13891301e-01 -4.21013883e+00  10.78876360    0.82027353 +3.78885072e+05 +9.98858180e-01 -1.04446405e+00
00399 -1.14643829e-01 -4.19576100e+00  10.75808491    0.82924714 +3.78938956e+05 +9.97386291e-01 -1.04230296e+00
00400 -1.15402310e-01 -4.18140226e+00  10.72737612    0.83827304 +3.78991467e+05 +9.95918807e-01 -1.04012775e+00
00401 -1.16166803e-01 -4.16706236e+00  10.69663773    0.84735193 +3.79042198e+05 +9.94455732e-01 -1.03793819e+00
00402 -1.16937367e-01 -4.15274105e+00  10.66587021    0.85648448 +3.79090738e+05 +9.92997072e-01 -1.03573399e+00
00403 -1.17714063e-01 -4.13843810e+00  10.63507404    0.86567139 +3.79136670e+05 +9.91542830e-01 -1.03351489e+00
00404 -1.18496952e-01 -4.12415326e+00  10.60424970    0.87491336 +3.79179571e+05 +9.90093012e-01 -1.03128063e+00
00405 -1.19286096e-01 -4.10988628e+00  10.57339767    0.88421111 +3.79219012e+05 +9.88647622e-01 -1.02903093e+00
00406 -1.20081557e-01 -4.09563691e+00  10.54251842    0.89356535 +3.79254556e+05 +9.87206667e-01 -1.02676551e+00
00407 -1.20883398e-01 -4.08140492e+00  10.51161243    0.90297681 +3.79285761e+05 +9.85770153e-01 -1.02448408e+00
00408 -1.21691683e-01 -4.06719004e+00  10.48068016    0.91244622 +3.79312178e+05 +9.84338085e-01 -1.02218637e+00
00409 -1.22506476e-01 -4.05299204e+00  10.44972209    0.92197434 +3.79333351e+05 +9.82910469e-01 -1.01987208e+00
00410 -1.23327842e-01 -4.03881065e+00  10.41873868    0.93156191 +3.79348818e+05 +9.81487314e-01 -1.01754092e+00
00411 -1.24155847e-01 -4.02464563e+00  10.38773039    0.94120968 +3.79358108e+05 +9.80068625e-01 -1.01519258e+00
00412 -1.24990557e-01 -4.01049673e+00  10.35669770    0.95091843 +3.79360745e+05 +9.78654409e-01 -1.01282676e+00
00413 -1.25832040e-01 -3.99636370e+00  10.32564106    0.96068894 +3.79356245e+05 +9.77244675e-01 -1.01044315e+00
00414 -1.26680361e-01 -3.98224628e+00  10.29456093    0.97052199 +3.79344115e+05 +9.75839430e-01 -1.00804144e+00
00415 -1.27535591e-01 -3.96814421e+00  10.26345777    0.98041836 +3.79323857e+05 +9.74438682e-01 -1.00562130e+00
00416 -1.28397797e-01 -3.95405726e+00  10.23233204    0.99037887 +3.79294962e+05 +9.73042439e-01 -1.00318242e+00
00417 -1.29267050e-01 -3.93998516e+00  10.20118418    1.00040432 +3.79256916e+05 +9.71650710e-01 -1.00072447e+00
00418 -1.30143418e-01 -3.92592765e+00  10.17001465    1.01049552 +3.79209196e+05 +9.70263503e-01 -9.98247098e-01
00419 -1.31026973e-01 -3.91188449e+00  10.13882390    1.02065331 +3.79151270e+05 +9.68880828e-01 -9.95749983e-01
00420 -1.31917786e-01 -3.89785542e+00  10.10761237    1.03087852 +3.79082597e+05 +9.67502694e-01 -9.93232774e-01
00421 -1.32815929e-01 -3.88384018e+00  10.07638052    1.04117199 +3.79002630e+05 +9.66129109e-01 -9.90695123e-01
00422 -1.33721474e-01 -3.86983853e+00  10.04512877    1.05153457 +3.78910811e+05 +9.64760084e-01 -9.88136675e-01
00423 -1.34634494e-01 -3.85585020e+00  10.01385757    1.06196712 +3.78806573e+05 +9.63395629e-01 -9.85557068e-01
00424 -1.35555062e-01 -3.84187495e+00   9.98256735    1.07247051 +3.78689341e+05 +9.62035753e-01 -9.82955938e-01
00425 -1.36483253e-01 -3.82791251e+00   9.95125856    1.08304561 +3.78558531e+05 +9.60680467e-01 -9.80332912e-01
00426 -1.37419140e-01 -3.81396264e+00   9.91993162    1.09369332 +3.78413547e+05 +9.59329781e-01 -9.77687613e-01
00427 -1.38362798e-01 -3.80002509e+00   9.88858696    1.10441451 +3.78253786e+05 +9.57983705e-01 -9.75019659e-01
00428 -1.39314304e-01 -3.78609959e+00   9.85722501    1.11521010 +3.78078634e+05 +9.56642250e-01 -9.72328660e-01
00429 -1.40273733e-01 -3.77218591e+00   9.82584620    1.12608100 +3.77887468e+05 +9.55305426e-01 -9.69614222e-01
00430 -1.41241160e-01 -3.75828378e+00   9.79445093    1.13702811 +3.77679653e+05 +9.53973244e-01 -9.66875943e-01
00431 -1.42216663e-01 -3.74439296e+00   9.76303963    1.14805236 +3.77454545e+05 +9.52645716e-01 -9.64113417e-01
00432 -1.43200318e-01 -3.73051320e+00   9.73161272    1.15915470 +3.77211490e+05 +9.51322852e-01 -9.61326231e-01
00433 -1.44192203e-01 -3.71664425e+00   9.70017061    1.17033605 +3.76949821e+05 +9.50004663e-01 -9.58513965e-01
00434 -1.45192395e-01 -3.70278586e+00   9.66871370    1.18159737 +3.76668863e+05 +9.48691159e-01 -9.55676193e-01
00435 -1.46200972e-01 -3.68893779e+00   9.63724240    1.19293962 +3.76367927e+05 +9.47382353e-01 -9.52812483e-01
00436 -1.47218012e-01 -3.67509979e+00   9.60575711    1.20436375 +3.76046315e+05 +9.46078254e-01 -9.49922397e-01
00437 -1.48243594e-01 -3.66127161e+00   9.57425823    1.21587075 +3.75703317e+05 +9.44778874e-01 -9.47005488e-01
00438 -1.49277794e-01 -3.64745303e+00   9.54274616    1.22746159 +3.75338211e+05 +9.43484224e-01 -9.44061305e-01
00439 -1.50320693e-01 -3.63364379e+00   9.51122128    1.23913725 +3.74950264e+05 +9.42194314e-01 -9.41089389e-01
00440 -1.51372368e-01 -3.61984366e+00   9.47968398    1.25089874 +3.74538730e+05 +9.40909155e-01 -9.38089274e-01
00441 -1.52432898e-01 -3.60605240e+00   9.44813464    1.26274704 +3.74102853e+05 +9.39628758e-01 -9.35060487e-01
00442 -1.53502361e-01 -3.59226978e+00   9.41657365    1.27468318 +3.73641864e+05 +9.38353132e-01 -9.32002549e-01
00443 -1.54580835e-01 -3.57849556e+00   9.38500137    1.28670815 +3.73154981e+05 +9.37082288e-01 -9.28914972e-01
00444 -1.55668399e-01 -3.56472952e+00   9.35341817    1.29882299 +3.72641410e+05 +9.35816236e-01 -9.25797263e-01
00445 -1.56765131e-01 -3.55097142e+00   9.32182443    1.31102871 +3.72100345e+05 +9.34554985e-01 -9.22648920e-01
00446 -1.57871107e-01 -3.53722106e+00   9.29022049    1.32332635 +3.71530968e+05 +9.33298545e-01 -9.19469434e-01
00447 -1.58986406e-01 -3.52347819e+00   9.25860671    1.33571695 +3.70932448e+05 +9.32046924e-01 -9.16258290e-01
00448 -1.60111103e-01 -3.50974261e+00   9.22698345    1.34820154 +3.70303941e+05 +9.30800132e-01 -9.13014964e-01
00449 -1.61245276e-01 -3.49601410e+00   9.19535103    1.36078118 +3.69644591e+05 +9.29558176e-01 -9.09738924e-01
00450 -1.62388999e-01 -3.48229244e+00   9.16370981    1.37345691 +3.68953529e+05 +9.28321064e-01 -9.06429633e-01
00451 -1.63542348e-01 -3.46857744e+00   9.13206012    1.38622980 +3.68229875e+05 +9.27088803e-01 -9.03086542e-01
00452 -1.64705396e-01 -3.45486887e+00   9.10040226    1.39910089 +3.67472734e+05 +9.25861401e-01 -8.99709098e-01
00453 -1.65878217e-01 -3.44116656e+00   9.06873658    1.41207126 +3.66681200e+05 +9.24638863e-01 -8.96296738e-01
00454 -1.67060883e-01 -3.42747029e+00   9.03706337    1.42514196 +3.65854354e+05 +9.23421195e-01 -8.92848894e-01
00455 -1.68253464e-01 -3.41377987e+00   9.00538293    1.43831407 +3.64991267e+05 +9.22208401e-01 -8.89364985e-01
00456 -1.69456031e-01 -3.40009513e+00   8.97369558    1.45158866 +3.64090995e+05 +9.21000486e-01 -8.85844428e-01
00457 -1.70668652e-01 -3.38641588e+00   8.94200158    1.46496679 +3.63152584e+05 +9.19797453e-01 -8.82286626e-01
00458 -1.71891394e-01 -3.37274194e+00   8.91030122    1.47844954 +3.62175068e+05 +9.18599305e-01 -8.78690979e-01
00459 -1.73124322e-01 -3.35907315e+00   8.87859478    1.49203799 +3.61157471e+05 +9.17406043e-01 -8.75056876e-01
00460 -1.74367499e-01 -3.34540933e+00   8.84688250    1.50573320 +3.60098804e+05 +9.16217669e-01 -8.71383698e-01
00461 -1.75620988e-01 -3.33175034e+00   8.81516465    1.51953624 +3.58998069e+05 +9.15034181e-01 -8.67670818e-01
00462 -1.76884847e-01 -3.31809601e+00   8.78344146    1.53344819 +3.57854258e+05 +9.13855579e-01 -8.63917601e-01
00463 -1.78159134e-01 -3.30444621e+00   8.75171316    1.54747011 +3.56666353e+05 +9.12681860e-01 -8.60123405e-01
00464 -1.79443903e-01 -3.29080080e+00   8.71997998    1.56160307 +3.55433328e+05 +9.11513021e-01 -8.56287577e-01
00465 -1.80739207e-01 -3.27715964e+00   8.68824211    1.57584813 +3.54154148e+05 +9.10349056e-01 -8.52409457e-01
00466 -1.82045095e-01 -3.26352263e+00   8.65649975    1.59020633 +3.52827771e+05 +9.09189960e-01 -8.48488378e-01
00467 -1.83361612e-01 -3.24988964e+00   8.62475307    1.60467874 +3.51453149e+05 +9.08035725e-01 -8.44523662e-01
00468 -1.84688803e-01 -3.23626058e+00   8.59300226    1.61926639 +3.50029227e+05 +9.06886343e-01 -8.40514625e-01
00469 -1.86026706e-01 -3.22263534e+00   8.56124745    1.63397033 +3.48554945e+05 +9.05741802e-01 -8.36460573e-01
00470 -1.87375357e-01 -3.20901385e+00   8.52948879    1.64879157 +3.47029242e+05 +9.04602090e-01 -8.32360805e-01
00471 -1.88734787e-01 -3.19539604e+00   8.49772640    1.66373114 +3.45451051e+05 +9.03467194e-01 -8.28214611e-01
00472 -1.90105025e-01 -3.18178184e+00   8.46596036    1.67879004 +3.43819307e+05 +9.02337098e-01 -8.24021273e-01
00473 -1.91486093e-01 -3.16817120e+00   8.43419079    1.69396928 +3.42132943e+05 +9.01211785e-01 -8.19780066e-01
00474 -1.92878008e-01 -3.15456409e+00   8.40241772    1.70926982 +3.40390895e+05 +9.00091235e-01 -8.15490254e-01
00475 -1.94280785e-01 -3.14096049e+00   8.37064122    1.72469265 +3.38592101e+05 +8.98975427e-01 -8.11151095e-01
00476 -1.95694429e-01 -3.12736037e+00   8.33886131    1.74023871 +3.36735506e+05 +8.97864337e-01 -8.06761840e-01
00477 -1.97118944e-01 -3.11376376e+00   8.30707799    1.75590894 +3.34820060e+05 +8.96757940e-01 -8.02321729e-01
00478 -1.98554323e-01 -3.10017066e+00   8.27529123    1.77170425 +3.32844723e+05 +8.95656208e-01 -7.97829997e-01
00479 -2.00000556e-01 -3.08658112e+00   8.24350100    1.78762556 +3.30808468e+05 +8.94559109e-01 -7.93285870e-01
00480 -2.01457624e-01 -3.07299518e+00   8.21170722    1.80367372 +3.28710278e+05 +8.93466611e-01 -7.88688566e-01
00481 -2.02925501e-01 -3.05941292e+00   8.17990979    1.81984961 +3.26549155e+05 +8.92378679e-01 -7.84037297e-01
00482 -2.04404155e-01 -3.04583444e+00   8.14810858    1.83615404 +3.24324119e+05 +8.91295273e-01 -7.79331266e-01
00483 -2.05893542e-01 -3.03225983e+00   8.11630344    1.85258783 +3.22034211e+05 +8.90216354e-01 -7.74569670e-01
00484 -2.07393613e-01 -3.01868924e+00   8.08449417    1.86915175 +3.19678497e+05 +8.89141875e-01 -7.69751698e-01
00485 -2.08904307e-01 -3.00512281e+00   8.05268056    1.88584654 +3.17256072e+05 +8.88071791e-01 -7.64876533e-01
00486 -2.10425555e-01 -2.99156073e+00   8.02086233    1.90267292 +3.14766061e+05 +8.87006050e-01 -7.59943350e-01
00487 -2.11957275e-01 -2.97800319e+00   7.98903919    1.91963159 +3.12207624e+05 +8.85944600e-01 -7.54951319e-01
00488 -2.13499376e-01 -2.96445042e+00   7.95721081    1.93672317 +3.09579961e+05 +8.84887382e-01 -7.49899602e-01
00489 -2.15051755e-01 -2.95090269e+00   7.92537681    1.95394829 +3.06882313e+05 +8.83834336e-01 -7.44787357e-01
00490 -2.16614297e-01 -2.93736027e+00   7.89353676    1.97130751 +3.04113969e+05 +8.82785398e-01 -7.39613734e-01
00491 -2.18186874e-01 -2.92382348e+00   7.86169019    1.98880137 +3.01274269e+05 +8.81740498e-01 -7.34377879e-01
00492 -2.19769341e-01 -2.91029267e+00   7.82983659    2.00643035 +2.98362610e+05 +8.80699566e-01 -7.29078931e-01
00493 -2.21361544e-01 -2.89676823e+00   7.79797538    2.02419489 +2.95378448e+05 +8.79662523e-01 -7.23716024e-01
00494 -2.22963309e-01 -2.88325056e+00   7.76610595    2.04209539 +2.92321307e+05 +8.78629291e-01 -7.18288288e-01
00495 -2.24574448e-01 -2.86974014e+00   7.73422761    2.06013219 +2.89190781e+05 +8.77599783e-01 -7.12794849e-01
00496 -2.26194756e-01 -2.85623745e+00   7.70233961    2.07830558 +2.85986542e+05 +8.76573911e-01 -7.07234826e-01
00497 -2.27824009e-01 -2.84274305e+00   7.67044117    2.09661579 +2.82708342e+05 +8.75551580e-01 -7.01607336e-01
00498 -2.29461964e-01 -2.82925751e+00   7.63853139    2.11506302 +2.79356024e+05 +8.74532691e-01 -6.95911491e-01
00499 -2.31108357e-01 -2.81578147e+00   7.60660935    2.13364737 +2.75929524e+05 +8.73517139e-01 -6.90146400e-01
00500 -2.32762906e-01 -2.80231563e+00   7.57467402    2.15236891 +2.72428879e+05 +8.72504817e-01 -6.84311168e-01
00501 -2.34425304e-01 -2.78886071e+00   7.54272430    2.17122763 +2.68854234e+05 +8.71495609e-01 -6.78404899e-01
00502 -2.36095220e-01 -2.77541753e+00   7.51075903    2.19022346 +2.65205846e+05 +8.70489396e-01 -6.72426692e-01
00503 -2.37772299e-01 -2.76198693e+00   7.47877694    2.20935625 +2.61484094e+05 +8.69486051e-01 -6.66375643e-01
00504 -2.39456159e-01 -2.74856985e+00   7.44677667    2.22862580 +2.57689482e+05 +8.68485444e-01 -6.60250848e-01
00505 -2.41146392e-01 -2.73516728e+00   7.41475677    2.24803182 +2.53822652e+05 +8.67487438e-01 -6.54051401e-01
00506 -2.42842559e-01 -2.72178029e+00   7.38271568    2.26757394 +2.49884384e+05 +8.66491889e-01 -6.47776391e-01
00507 -2.44544190e-01 -2.70841001e+00   7.35065175    2.28725174 +2.45875608e+05 +8.65498647e-01 -6.41424908e-01
00508 -2.46250783e-01 -2.69505769e+00   7.31856320    2.30706468 +2.41797407e+05 +8.64507557e-01 -6.34996042e-01
00509 -2.47961800e-01 -2.68172463e+00   7.28644814    2.32701217 +2.37651027e+05 +8.63518455e-01 -6.28488877e-01
00510 -2.49676667e-01 -2.66841225e+00   7.25430455    2.34709352 +2.33437886e+05 +8.62531172e-01 -6.21902501e-01
00511 -2.51394774e-01 -2.65512207e+00   7.22213029    2.36730795 +2.29159574e+05 +8.61545532e-01 -6.15235996e-01
00512 -2.53115466e-01 -2.64185570e+00   7.18992308    2.38765461 +2.24817865e+05 +8.60561350e-01 -6.08488446e-01
00513 -2.54838047e-01 -2.62861487e+00   7.15768048    2.40813255 +2.20414722e+05 +8.59578435e-01 -6.01658933e-01
00514 -2.56561776e-01 -2.61540145e+00   7.12539990    2.42874072 +2.15952302e+05 +8.58596588e-01 -5.94746537e-01
00515 -2.58285860e-01 -2.60221743e+00   7.09307862    2.44947799 +2.11432964e+05 +8.57615603e-01 -5.87750337e-01
00516 -2.60009460e-01 -2.58906494e+00   7.06071371    2.47034314 +2.06859272e+05 +8.56635264e-01 -5.80669408e-01
00517 -2.61731678e-01 -2.57594627e+00   7.02830208    2.49133485 +2.02234000e+05 +8.55655349e-01 -5.73502824e-01
00518 -2.63451560e-01 -2.56286385e+00   6.99584047    2.51245169 +1.97560139e+05 +8.54675626e-01 -5.66249655e-01
00519 -2.65168091e-01 -2.54982032e+00   6.96332539    2.53369218 +1.92840898e+05 +8.53695855e-01 -5.58908969e-01
00520 -2.66880191e-01 -2.53681848e+00   6.93075318    2.55505469 +1.88079706e+05 +8.52715785e-01 -5.51479827e-01
00521 -2.68586711e-01 -2.52386135e+00   6.89811994    2.57653754 +1.83280217e+05 +8.51735159e-01 -5.43961283e-01
00522 -2.70286428e-01 -2.51095217e+00   6.86542156    2.59813893 +1.78446310e+05 +8.50753708e-01 -5.36352386e-01
00523 -2.71978040e-01 -2.49809440e+00   6.83265368    2.61985700 +1.73582088e+05 +8.49771154e-01 -5.28652176e-01
00524 -2.73660163e-01 -2.48529177e+00   6.79981171    2.64168976 +1.68691879e+05 +8.48787208e-01 -5.20859680e-01
00525 -2.75331324e-01 -2.47254829e+00   6.76689078    2.66363516 +1.63780234e+05 +8.47801572e-01 -5.12973914e-01
00526 -2.76989955e-01 -2.45986826e+00   6.73388577    2.68569107 +1.58851921e+05 +8.46813935e-01 -5.04993878e-01
00527 -2.78634385e-01 -2.44725632e+00   6.70079125    2.70785527 +1.53911922e+05 +8.45823976e-01 -4.96918554e-01
00528 -2.80262837e-01 -2.43471746e+00   6.66760153    2.73012547 +1.48965430e+05 +8.44831363e-01 -4.88746901e-01
00529 -2.81873416e-01 -2.42225706e+00   6.63431060    2.75249929 +1.44017835e+05 +8.43835748e-01 -4.80477855e-01
00530 -2.83464104e-01 -2.40988092e+00   6.60091211    2.77497432 +1.39074720e+05 +8.42836775e-01 -4.72110322e-01
00531 -2.85032748e-01 -2.39759530e+00   6.56739942    2.79754807 +1.34141849e+05 +8.41834072e-01 -4.63643173e-01
00532 -2.86577052e-01 -2.38540698e+00   6.53376552    2.82021801 +1.29225152e+05 +8.40827252e-01 -4.55075239e-01
00533 -2.88094567e-01 -2.37332329e+00   6.50000307    2.84298155 +1.24330713e+05 +8.39815916e-01 -4.46405309e-01
00534 -2.89582675e-01 -2.36135216e+00   6.46610434    2.86583611 +1.19464754e+05 +8.38799647e-01 -4.37632115e-01
00535 -2.91038581e-01 -2.34950220e+00   6.43206129    2.88877905 +1.14633615e+05 +8.37778013e-01 -4.28754333e-01
00536 -2.92459296e-01 -2.33778276e+00   6.39786545    2.91180773 +1.09843733e+05 +8.36750566e-01 -4.19770570e-01
00537 -2.93841622e-01 -2.32620401e+00   6.36350801    2.93491951 +1.05101626e+05 +8.35716836e-01 -4.10679356e-01
00538 -2.95182133e-01 -2.31477702e+00   6.32897981    2.95811179 +1.00413862e+05 +8.34676337e-01 -4.01479134e-01
00539 -2.96477162e-01 -2.30351387e+00   6.29427128    2.98138196 +9.57870369e+04 +8.33628562e-01 -3.92168250e-01
00540 -2.97722774e-01 -2.29242773e+00   6.25937256    3.00472747 +9.12277475e+04 +8.32572981e-01 -3.82744941e-01
00541 -2.98914746e-01 -2.28153302e+00   6.22427345    3.02814583 +8.67425616e+04 +8.31509043e-01 -3.73207322e-01
00542 -3.00048544e-01 -2.27084556e+00   6.18896347    3.05163460 +8.23379878e+04 +8.30436171e-01 -3.63553375e-01
00543 -3.01119297e-01 -2.26038266e+00   6.15343191    3.07519144 +7.80204435e+04 +8.29353763e-01 -3.53780935e-01
00544 -3.02121763e-01 -2.25016338e+00   6.11766791    3.09881406 +7.37962221e+04 +8.28261190e-01 -3.43887677e-01
00545 -3.03050305e-01 -2.24020868e+00   6.08166058    3.12250028 +6.96714590e+04 +8.27157793e-01 -3.33871105e-01
00546 -3.03898853e-01 -2.23054168e+00   6.04539907    3.14624801 +6.56520968e+04 +8.26042887e-01 -3.23728542e-01
00547 -3.04660873e-01 -2.22118789e+00   6.00887280    3.17005520 +6.17438504e+04 +8.24915754e-01 -3.13457123e-01
00548 -3.05329328e-01 -2.21217552e+00   5.97207168    3.19391987 +5.79521717e+04 +8.23775646e-01 -3.03053793e-01
00549 -3.05896643e-01 -2.20353580e+00   5.93498637    3.21784000 +5.42822150e+04 +8.22621787e-01 -2.92515317e-01
00550 -3.06354673e-01 -2.19530331e+00   5.89760869    3.24181353 +5.07388022e+04 +8.21453372e-01 -2.81838294e-01
00551 -3.06694665e-01 -2.18751641e+00   5.85993211    3.26583817 +4.73263897e+04 +8.20269576e-01 -2.71019194e-01
00552 -3.06907242e-01 -2.18021762e+00   5.82195238    3.28991133 +4.40490360e+04 +8.19069553e-01 -2.60054417e-01
00553 -3.06982384e-01 -2.17345407e+00   5.78366829    3.31402981 +4.09103711e+04 +8.17852455e-01 -2.48940386e-01
00554 -3.06909435e-01 -2.16727794e+00   5.74508275    3.33818959 +3.79135675e+04 +8.16617439e-01 -2.37673677e-01
00555 -3.06677138e-01 -2.16174687e+00   5.70620396    3.36238535 +3.50613122e+04 +8.15363699e-01 -2.26251222e-01
00556 -3.06273709e-01 -2.15692426e+00   5.66704710    3.38660999 +3.23557809e+04 +8.14090489e-01 -2.14670579e-01
00557 -3.05686969e-01 -2.15287953e+00   5.62763613    3.41085391 +2.97986118e+04 +8.12797172e-01 -2.02930303e-01
00558 -3.04904553e-01 -2.14968801e+00   5.58800617    3.43510413 +2.73908795e+04 +8.11483276e-01 -1.91030450e-01
00559 -3.03914231e-01 -2.14743055e+00   5.54820609    3.45934321 +2.51330654e+04 +8.10148569e-01 -1.78973212e-01
00560 -3.02704348e-01 -2.14619254e+00   5.50830154    3.48354801 +2.30250243e+04 +8.08793159e-01 -1.66763728e-01
00561 -3.01264434e-01 -2.14606217e+00   5.46837798    3.50768817 +2.10659419e+04 +8.07417602e-01 -1.54411036e-01
00562 -2.99585976e-01 -2.14712771e+00   5.42854353    3.53172471 +1.92542818e+04 +8.06023042e-01 -1.41929155e-01
00563 -2.97663356e-01 -2.14947368e+00   5.38893116    3.55560866 +1.75877200e+04 +8.04611340e-01 -1.29338186e-01
00564 -2.95494893e-01 -2.15317569e+00   5.34969929    3.57928021 +1.60630676e+04 +8.03185205e-01 -1.16665280e-01
00565 -2.93083894e-01 -2.15829446e+00   5.31103012    3.60266871 +1.46761891e+04 +8.01748279e-01 -1.03945236e-01
00566 -2.90439522e-01 -2.16486920e+00   5.27312476    3.62569390 +1.34219304e+04 +8.00305145e-01 -9.12204371e-02
00567 -2.87577281e-01 -2.17291162e+00   5.23619485    3.64826883 +1.22940786e+04 +7.98861239e-01 -7.85398712e-02
00568 -2.84518906e-01 -2.18240156e+00   5.20045089    3.67030431 +1.12853816e+04 +7.97422629e-01 -6.59570979e-02
00569 -2.81291524e-01 -2.19328565e+00   5.16608861    3.69171458 +1.03876494e+04 +7.95995681e-01 -5.35272698e-02
00570 -2.77926146e-01 -2.20547949e+00   5.13327565    3.71242329 +9.59194889e+03 +7.94586655e-01 -4.13036016e-02
00571 -2.74455680e-01 -2.21887333e+00   5.10214078    3.73236882 +8.88887876e+03 +7.93201286e-01 -2.93338866e-02
00572 -2.71027324e-01 -2.23286083e+00   5.07368244    3.75090647 +8.28759144e+03 +7.91887498e-01 -1.80274607e-02
00573 -2.67690253e-01 -2.24715610e+00   5.04788905    3.76801091 +7.77453854e+03 +7.90651727e-01 -7.43242335e-03
00574 -2.64464890e-01 -2.26158283e+00   5.02454165    3.78378548 +7.33469893e+03 +7.89491002e-01 +2.48375167e-03
00575 -2.61364300e-01 -2.27599867e+00   5.00341620    3.79833674 +6.95563369e+03 +7.88401551e-01 +1.17596475e-02
00576 -2.58395679e-01 -2.29029204e+00   4.98429428    3.81176965 +6.62712183e+03 +7.87379154e-01 +2.04368670e-02
00577 -2.55561780e-01 -2.30437790e+00   4.96696995    3.82418433 +6.34080314e+03 +7.86419418e-01 +2.85577100e-02
00578 -2.52862144e-01 -2.31819305e+00   4.95125358    3.83567411 +6.08985230e+03 +7.85517973e-01 +3.61635546e-02
00579 -2.50294088e-01 -2.33169195e+00   4.93697337    3.84632458 +5.86869539e+03 +7.84670606e-01 +4.32938298e-02
00580 -2.47853461e-01 -2.34484291e+00   4.92397543    3.85621340 +5.67277156e+03 +7.83873332e-01 +4.99854399e-02
00581 -2.45535214e-01 -2.35762500e+00   4.91212293    3.86541050 +5.49833690e+03 +7.83122439e-01 +5.62725075e-02
00582 -2.43333797e-01 -2.37002556e+00   4.90129472    3.87397858 +5.34230555e+03 +7.82414500e-01 +6.21863281e-02
00583 -2.41243446e-01 -2.38203821e+00   4.89138386    3.88197366 +5.20212213e+03 +7.81746368e-01 +6.77554561e-02
00584 -2.39258374e-01 -2.39366130e+00   4.88229603    3.88944583 +5.07565984e+03 +7.81115169e-01 +7.30058651e-02
00585 -2.37372899e-01 -2.40489674e+00   4.87394804    3.89643978 +4.96113932e+03 +7.80518279e-01 +7.79611461e-02
00586 -2.35581527e-01 -2.41574906e+00   4.86626647    3.90299549 +4.85706393e+03 +7.79953304e-01 +8.26427171e-02
00587 -2.33879001e-01 -2.42622473e+00   4.85918642    3.90914875 +4.76216816e+03 +7.79418064e-01 +8.70700317e-02
00588 -2.32260324e-01 -2.43633162e+00   4.85265043    3.91493166 +4.67537637e+03 +7.78910568e-01 +9.12607763e-02
00589 -2.30720773e-01 -2.44607855e+00   4.84660755    3.92037304 +4.59576962e+03 +7.78428998e-01 +9.52310533e-02
00590 -2.29255899e-01 -2.45547506e+00   4.84101247    3.92549888 +4.52255901e+03 +7.77971688e-01 +9.89955466e-02
00591 -2.27861523e-01 -2.46453109e+00   4.83582484    3.93033262 +4.45506403e+03 +7.77537115e-01 +1.02567672e-01
00592 -2.26533720e-01 -2.47325684e+00   4.83100864    3.93489549 +4.39269499e+03 +7.77123876e-01 +1.05959708e-01
00593 -2.25268816e-01 -2.48166264e+00   4.82653162    3.93920671 +4.33493869e+03 +7.76730685e-01 +1.09182919e-01
00594 -2.24063366e-01 -2.48975880e+00   4.82236490    3.94328377 +4.28134662e+03 +7.76356353e-01 +1.12247653e-01
00595 -2.22914143e-01 -2.49755559e+00   4.81848248    3.94714263 +4.23152526e+03 +7.75999785e-01 +1.15163440e-01
00596 -2.21818125e-01 -2.50506314e+00   4.81486099    3.95079781 +4.18512800e+03 +7.75659965e-01 +1.17939073e-01
00597 -2.20772481e-01 -2.51229139e+00   4.81147932    3.95426264 +4.14184847e+03 +7.75335954e-01 +1.20582677e-01
00598 -2.19774556e-01 -2.51925010e+00   4.80831840    3.95754931 +4.10141494e+03 +7.75026879e-01 +1.23101776e-01
00599 -2.18821861e-01 -2.52594878e+00   4.80536095    3.96066905 +4.06358557e+03 +7.74731928e-01 +1.25503349e-01
00600 -2.17931018e-01 -2.53226183e+00   4.80264845    3.96357058 +4.02887630e+03 +7.74456212e-01 +1.27746180e-01
00601 -2.17097642e-01 -2.53821102e+00   4.80015709    3.96627141 +3.99697308e+03 +7.74198345e-01 +1.29841960e-01
00602 -2.16317705e-01 -2.54381699e+00   4.79786575    3.96878735 +3.96760083e+03 +7.73957057e-01 +1.31801368e-01
00603 -2.15587496e-01 -2.54909924e+00   4.79575568    3.97113273 +3.94051772e+03 +7.73731184e-01 +1.33634175e-01
00604 -2.14903594e-01 -2.55407625e+00   4.79381021    3.97332056 +3.91551023e+03 +7.73519654e-01 +1.35349337e-01
00605 -2.14262844e-01 -2.55876548e+00   4.79201443    3.97536268 +3.89238925e+03 +7.73321484e-01 +1.36955082e-01
00606 -2.13662331e-01 -2.56318340e+00   4.79035504    3.97726989 +3.87098666e+03 +7.73135765e-01 +1.38458976e-01
00607 -2.13099359e-01 -2.56734559e+00   4.78882011    3.97905204 +3.85115256e+03 +7.72961659e-01 +1.39867989e-01
00608 -2.12571432e-01 -2.57126676e+00   4.78739892    3.98071818 +3.83275286e+03 +7.72798389e-01 +1.41188552e-01
00609 -2.12076238e-01 -2.57496077e+00   4.78608183    3.98227656 +3.81566730e+03 +7.72645241e-01 +1.42426606e-01
00610 -2.11611632e-01 -2.57844072e+00   4.78486015    3.98373480 +3.79978774e+03 +7.72501548e-01 +1.43587643e-01
00611 -2.11175624e-01 -2.58171894e+00   4.78372603    3.98509988 +3.78501665e+03 +7.72366694e-01 +1.44676753e-01
00612 -2.10766363e-01 -2.58480709e+00   4.78267237    3.98637823 +3.77126592e+03 +7.72240107e-01 +1.45698649e-01
00613 -2.10382131e-01 -2.58771613e+00   4.78169273    3.98757578 +3.75845572e+03 +7.72121256e-01 +1.46657706e-01
00614 -2.10021327e-01 -2.59045643e+00   4.78078127    3.98869801 +3.74651358e+03 +7.72009646e-01 +1.47557988e-01
00615 -2.09682462e-01 -2.59303774e+00   4.77993268    3.98974999 +3.73537361e+03 +7.71904816e-01 +1.48403272e-01
00616 -2.09364147e-01 -2.59546926e+00   4.77914212    3.99073640 +3.72497575e+03 +7.71806337e-01 +1.49197069e-01
00617 -2.09065090e-01 -2.59775966e+00   4.77840518    3.99166157 +3.71526515e+03 +7.71713811e-01 +1.49942651e-01
00618 -2.08784083e-01 -2.59991711e+00   4.77771783    3.99252952 +3.70619169e+03 +7.71626864e-01 +1.50643065e-01
00619 -2.08519999e-01 -2.60194932e+00   4.77707640    3.99334400 +3.69770944e+03 +7.71545148e-01 +1.51301152e-01
00620 -2.08271787e-01 -2.60386354e+00   4.77647750    3.99410845 +3.68977627e+03 +7.71468339e-01 +1.51919559e-01
00621 -2.08038465e-01 -2.60566661e+00   4.77591805    3.99482612 +3.68235346e+03 +7.71396133e-01 +1.52500761e-01
00622 -2.07819112e-01 -2.60736497e+00   4.77539521    3.99549998 +3.67540541e+03 +7.71328247e-01 +1.53047067e-01
00623 -2.07612871e-01 -2.60896470e+00   4.77490637    3.99613284 +3.66889931e+03 +7.71264414e-01 +1.53560635e-01
00624 -2.07418937e-01 -2.61047151e+00   4.77444914    3.99672728 +3.66280493e+03 +7.71204388e-01 +1.54043481e-01
00625 -2.07236559e-01 -2.61189081e+00   4.77402130    3.99728573 +3.65709433e+03 +7.71147935e-01 +1.54497493e-01
00626 -2.07065033e-01 -2.61322766e+00   4.77362082    3.99781046 +3.65174168e+03 +7.71094839e-01 +1.54924434e-01
00627 -2.06903699e-01 -2.61448684e+00   4.77324582    3.99830356 +3.64672310e+03 +7.71044895e-01 +1.55325957e-01
00628 -2.06751939e-01 -2.61567288e+00   4.77289456    3.99876701 +3.64201646e+03 +7.70997913e-01 +1.55703609e-01
00629 -2.06609175e-01 -2.61679001e+00   4.77256545    3.99920264 +3.63760124e+03 +7.70953713e-01 +1.56058838e-01
00630 -2.06474863e-01 -2.61784223e+00   4.77225698    3.99961217 +3.63345841e+03 +7.70912129e-01 +1.56393002e-01
00631 -2.06348492e-01 -2.61883333e+00   4.77196778    3.99999722 +3.62957021e+03 +7.70873002e-01 +1.56707378e-01
00632 -2.06348492e-01 -2.61883333e+00   4.77196778    3.99999722 +3.62957021e+03 +7.70873002e-01 +1.56707378e-01
00633 -2.06222232e-01 -2.61982463e+00   4.77167984    4.00038167 +3.62569476e+03 +7.70833907e-01 +1.57021453e-01
00634 -2.06088324e-01 -2.62087714e+00   4.77137555    4.00078912 +3.62159472e+03 +7.70792442e-01 +1.57354522e-01
00635 -2.05946310e-01 -2.62199466e+00   4.77105406    4.00122092 +3.61725793e+03 +7.70748466e-01 +1.57707716e-01
00636 -2.05795711e-01 -2.62318121e+00   4.77071452    4.00167846 +3.61267176e+03 +7.70701828e-01 +1.58082225e-01
00637 -2.05636020e-01 -2.62444106e+00   4.77035604    4.00216322 +3.60782302e+03 +7.70652372e-01 +1.58479304e-01
00638 -2.05466700e-01 -2.62577874e+00   4.76997768    4.00267675 +3.60269798e+03 +7.70599931e-01 +1.58900276e-01
00639 -2.05287186e-01 -2.62719905e+00   4.76957851    4.00322069 +3.59728235e+03 +7.70544329e-01 +1.59346542e-01
00640 -2.05096880e-01 -2.62870712e+00   4.76915755    4.00379676 +3.59156126e+03 +7.70485381e-01 +1.59819578e-01
00641 -2.04895153e-01 -2.63030835e+00   4.76871381    4.00440676 +3.58551931e+03 +7.70422890e-01 +1.60320938e-01
00642 -2.04681339e-01 -2.63200852e+00   4.76824626    4.00505259 +3.57914053e+03 +7.70356650e-01 +1.60852265e-01
00643 -2.04454739e-01 -2.63381373e+00   4.76775388    4.00573624 +3.57240837e+03 +7.70286442e-01 +1.61415288e-01
00644 -2.04214613e-01 -2.63573049e+00   4.76723562    4.00645979 +3.56530580e+03 +7.70212037e-01 +1.62011828e-01
00645 -2.03960185e-01 -2.63776569e+00   4.76669045    4.00722543 +3.55781523e+03 +7.70133192e-01 +1.62643804e-01
00646 -2.03690634e-01 -2.63992666e+00   4.76611730    4.00803544 +3.54991858e+03 +7.70049651e-01 +1.63313232e-01
00647 -2.03405100e-01 -2.64222117e+00   4.76551514    4.00889220 +3.54159732e+03 +7.69961147e-01 +1.64022236e-01
00648 -2.03102677e-01 -2.64465749e+00   4.76488295    4.00979823 +3.53283248e+03 +7.69867395e-01 +1.64773047e-01
00649 -2.02782412e-01 -2.64724438e+00   4.76421972    4.01075612 +3.52360470e+03 +7.69768098e-01 +1.65568008e-01
00650 -2.02443304e-01 -2.64999116e+00   4.76352449    4.01176859 +3.51389431e+03 +7.69662943e-01 +1.66409579e-01
00651 -2.02084304e-01 -2.65290772e+00   4.76279636    4.01283846 +3.50368134e+03 +7.69551601e-01 +1.67300342e-01
00652 -2.01704311e-01 -2.65600456e+00   4.76203449    4.01396868 +3.49294566e+03 +7.69433727e-01 +1.68243004e-01
00653 -2.01302170e-01 -2.65929283e+00   4.76123811    4.01516229 +3.48166700e+03 +7.69308958e-01 +1.69240398e-01
00654 -2.00876672e-01 -2.66278437e+00   4.76040656    4.01642246 +3.46982507e+03 +7.69176916e-01 +1.70295492e-01
00655 -2.00426553e-01 -2.66649177e+00   4.75953932    4.01775246 +3.45739969e+03 +7.69037200e-01 +1.71411388e-01
00656 -1.99950490e-01 -2.67042838e+00   4.75863601    4.01915568 +3.44437087e+03 +7.68889395e-01 +1.72591329e-01
00657 -1.99447103e-01 -2.67460838e+00   4.75769642    4.02063560 +3.43071897e+03 +7.68733063e-01 +1.73838699e-01
00658 -1.98914950e-01 -2.67904682e+00   4.75672057    4.02219581 +3.41642484e+03 +7.68567751e-01 +1.75157026e-01
00659 -1.98352531e-01 -2.68375970e+00   4.75570871    4.02384000 +3.40146997e+03 +7.68392980e-01 +1.76549986e-01
00660 -1.97758284e-01 -2.68876399e+00   4.75466139    4.02557195 +3.38583670e+03 +7.68208256e-01 +1.78021402e-01
00661 -1.97130583e-01 -2.69407774e+00   4.75357949    4.02739551 +3.36950838e+03 +7.68013059e-01 +1.79575248e-01
00662 -1.96467743e-01 -2.69972008e+00   4.75246426    4.02931461 +3.35246959e+03 +7.67806852e-01 +1.81215645e-01
00663 -1.95768016e-01 -2.70571134e+00   4.75131739    4.03133324 +3.33470637e+03 +7.67589075e-01 +1.82946864e-01
00664 -1.95029594e-01 -2.71207312e+00   4.75014109    4.03345545 +3.31620643e+03 +7.67359146e-01 +1.84773325e-01
00665 -1.94250607e-01 -2.71882833e+00   4.74893810    4.03568531 +3.29695946e+03 +7.67116463e-01 +1.86699590e-01
00666 -1.93429128e-01 -2.72600133e+00   4.74771182    4.03802689 +3.27695733e+03 +7.66860401e-01 +1.88730363e-01
00667 -1.92581238e-01 -2.73345847e+00   4.74649185    4.04043314 +3.25662419e+03 +7.66595952e-01 +1.90825847e-01
00668 -1.91706302e-01 -2.74121101e+00   4.74528188    4.04290487 +3.23596919e+03 +7.66322900e-01 +1.92987581e-01
00669 -1.90803684e-01 -2.74927065e+00   4.74408591    4.04544284 +3.21500250e+03 +7.66041026e-01 +1.95217108e-01
00670 -1.89872749e-01 -2.75764954e+00   4.74290831    4.04804775 +3.19373534e+03 +7.65750113e-01 +1.97515962e-01
00671 -1.88912866e-01 -2.76636033e+00   4.74175383    4.05072022 +3.17217997e+03 +7.65449941e-01 +1.99885675e-01
00672 -1.87923406e-01 -2.77541615e+00   4.74062763    4.05346078 +3.15034977e+03 +7.65140291e-01 +2.02327763e-01
00673 -1.86903747e-01 -2.78483065e+00   4.73953529    4.05626990 +3.12825920e+03 +7.64820945e-01 +2.04843727e-01
00674 -1.85853272e-01 -2.79461805e+00   4.73848286    4.05914791 +3.10592387e+03 +7.64491685e-01 +2.07435049e-01
00675 -1.84771374e-01 -2.80479309e+00   4.73747686    4.06209509 +3.08336049e+03 +7.64152296e-01 +2.10103180e-01
00676 -1.83657457e-01 -2.81537113e+00   4.73652434    4.06511156 +3.06058696e+03 +7.63802564e-01 +2.12849541e-01
00677 -1.82510936e-01 -2.82636813e+00   4.73563290    4.06819735 +3.03762230e+03 +7.63442279e-01 +2.15675513e-01
00678 -1.81331241e-01 -2.83780066e+00   4.73481071    4.07135235 +3.01448671e+03 +7.63071237e-01 +2.18582432e-01
00679 -1.80117818e-01 -2.84968597e+00   4.73406657    4.07457631 +2.99120154e+03 +7.62689237e-01 +2.21571578e-01
00680 -1.78870135e-01 -2.86204198e+00   4.73340994    4.07786884 +2.96778931e+03 +7.62296086e-01 +2.24644168e-01
00681 -1.77587678e-01 -2.87488733e+00   4.73285097    4.08122938 +2.94427368e+03 +7.61891596e-01 +2.27801348e-01
00682 -1.76269957e-01 -2.88824139e+00   4.73240054    4.08465721 +2.92067943e+03 +7.61475592e-01 +2.31044182e-01
00683 -1.74916510e-01 -2.90212431e+00   4.73207032    4.08815142 +2.89703248e+03 +7.61047907e-01 +2.34373638e-01
00684 -1.73526904e-01 -2.91655701e+00   4.73187281    4.09171093 +2.87335980e+03 +7.60608386e-01 +2.37790582e-01
00685 -1.72100736e-01 -2.93156126e+00   4.73182139    4.09533443 +2.84968944e+03 +7.60156891e-01 +2.41295758e-01
00686 -1.70637640e-01 -2.94715968e+00   4.73193036    4.09902042 +2.82605045e+03 +7.59693296e-01 +2.44889778e-01
00687 -1.69137287e-01 -2.96337580e+00   4.73221502    4.10276716 +2.80247281e+03 +7.59217497e-01 +2.48573102e-01
00688 -1.67599388e-01 -2.98023405e+00   4.73269169    4.10657269 +2.77898739e+03 +7.58729409e-01 +2.52346028e-01
00689 -1.66023701e-01 -2.99775986e+00   4.73337782    4.11043477 +2.75562583e+03 +7.58228972e-01 +2.56208663e-01
00690 -1.64410028e-01 -3.01597962e+00   4.73429199    4.11435093 +2.73242047e+03 +7.57716152e-01 +2.60160910e-01
00691 -1.62758225e-01 -3.03492079e+00   4.73545404    4.11831840 +2.70940416e+03 +7.57190945e-01 +2.64202446e-01
00692 -1.61068200e-01 -3.05461189e+00   4.73688509    4.12233414 +2.68661013e+03 +7.56653382e-01 +2.68332689e-01
00693 -1.59385650e-01 -3.07453651e+00   4.73855864    4.12628795 +2.66465824e+03 +7.56118079e-01 +2.72439253e-01
00694 -1.57729966e-01 -3.09446280e+00   4.74045352    4.13013519 +2.64376252e+03 +7.55591304e-01 +2.76474349e-01
00695 -1.56100513e-01 -3.11439071e+00   4.74256434    4.13387893 +2.62386576e+03 +7.55072955e-01 +2.80439155e-01
00696 -1.54496675e-01 -3.13432015e+00   4.74488598    4.13752216 +2.60491404e+03 +7.54562936e-01 +2.84334785e-01
00697 -1.52917862e-01 -3.15425103e+00   4.74741353    4.14106770 +2.58685649e+03 +7.54061159e-01 +2.88162292e-01
00698 -1.51363503e-01 -3.17418327e+00   4.75014231    4.14451826 +2.56964491e+03 +7.53567539e-01 +2.91922669e-01
00699 -1.49833047e-01 -3.19411679e+00   4.75306781    4.14787643 +2.55323353e+03 +7.53081999e-01 +2.95616859e-01
00700 -1.48325964e-01 -3.21405149e+00   4.75618572    4.15114472 +2.53757869e+03 +7.52604465e-01 +2.99245757e-01
00701 -1.46841740e-01 -3.23398728e+00   4.75949187    4.15432550 +2.52263869e+03 +7.52134868e-01 +3.02810211e-01
00702 -1.45379878e-01 -3.25392406e+00   4.76298225    4.15742109 +2.50837349e+03 +7.51673144e-01 +3.06311030e-01
00703 -1.43939897e-01 -3.27386173e+00   4.76665297    4.16043368 +2.49474457e+03 +7.51219232e-01 +3.09748985e-01
00704 -1.42521332e-01 -3.29380021e+00   4.77050027    4.16336541 +2.48171471e+03 +7.50773072e-01 +3.13124813e-01
00705 -1.41123733e-01 -3.31373938e+00   4.77452048    4.16621834 +2.46924785e+03 +7.50334612e-01 +3.16439216e-01
00706 -1.39746664e-01 -3.33367915e+00   4.77871004    4.16899444 +2.45730891e+03 +7.49903797e-01 +3.19692869e-01
00707 -1.38389699e-01 -3.35361943e+00   4.78306548    4.17169561 +2.44586367e+03 +7.49480578e-01 +3.22886418e-01
00708 -1.37052429e-01 -3.37356010e+00   4.78758341    4.17432371 +2.43487862e+03 +7.49064908e-01 +3.26020485e-01
00709 -1.35734455e-01 -3.39350108e+00   4.79226050    4.17688052 +2.42432081e+03 +7.48656741e-01 +3.29095669e-01
00710 -1.34435388e-01 -3.41344225e+00   4.79709347    4.17936776 +2.41415778e+03 +7.48256031e-01 +3.32112546e-01
00711 -1.33154854e-01 -3.43338354e+00   4.80207913    4.18178710 +2.40435741e+03 +7.47862738e-01 +3.35071674e-01
00712 -1.31892486e-01 -3.45332484e+00   4.80721431    4.18414015 +2.39488784e+03 +7.47476819e-01 +3.37973593e-01
00713 -1.30647928e-01 -3.47326605e+00   4.81249588    4.18642849 +2.38571734e+03 +7.47098234e-01 +3.40818826e-01
00714 -1.29420835e-01 -3.49320710e+00   4.81792075    4.18865362 +2.37681426e+03 +7.46726944e-01 +3.43607882e-01
00715 -1.28210869e-01 -3.51314788e+00   4.82348588    4.19081702 +2.36814689e+03 +7.46362910e-01 +3.46341255e-01
00716 -1.27017703e-01 -3.53308832e+00   4.82918823    4.19292011 +2.35968342e+03 +7.46006095e-01 +3.49019429e-01
00717 -1.25841017e-01 -3.55302832e+00   4.83502477    4.19496429 +2.35139182e+03 +7.45656461e-01 +3.51642875e-01
00718 -1.24680501e-01 -3.57296782e+00   4.84099252    4.19695090 +2.34323980e+03 +7.45313971e-01 +3.54212054e-01
00719 -1.23535851e-01 -3.59290673e+00   4.84708849    4.19888124 +2.33519472e+03 +7.44978588e-01 +3.56727420e-01
00720 -1.22406772e-01 -3.61284499e+00   4.85330971    4.20075659 +2.32722350e+03 +7.44650277e-01 +3.59189417e-01
00721 -1.21292975e-01 -3.63278253e+00   4.85965320    4.20257818 +2.31929261e+03 +7.44329000e-01 +3.61598483e-01
00722 -1.20194180e-01 -3.65271928e+00   4.86611598    4.20434722 +2.31136792e+03 +7.44014721e-01 +3.63955050e-01
00723 -1.19110111e-01 -3.67265518e+00   4.87269510    4.20606487 +2.30341473e+03 +7.43707404e-01 +3.66259545e-01
00724 -1.18040501e-01 -3.69259019e+00   4.87938758    4.20773228 +2.29539766e+03 +7.43407010e-01 +3.68512389e-01
00725 -1.16985090e-01 -3.71252424e+00   4.88619044    4.20935054 +2.28728060e+03 +7.43113504e-01 +3.70714001e-01
00726 -1.15943620e-01 -3.73245731e+00   4.89310071    4.21092075 +2.27902668e+03 +7.42826847e-01 +3.72864796e-01
00727 -1.14915844e-01 -3.75238935e+00   4.90011538    4.21244395 +2.27059818e+03 +7.42547000e-01 +3.74965187e-01
00728 -1.13901516e-01 -3.77232033e+00   4.90723147    4.21392117 +2.26195654e+03 +7.42273927e-01 +3.77015586e-01
00729 -1.12900400e-01 -3.79225022e+00   4.91444596    4.21535341 +2.25306227e+03 +7.42007586e-01 +3.79016401e-01
00730 -1.11912263e-01 -3.81217900e+00   4.92175583    4.21674163 +2.24387495e+03 +7.41747939e-01 +3.80968042e-01
00731 -1.10936876e-01 -3.83210666e+00   4.92915807    4.21808679 +2.23435314e+03 +7.41494944e-01 +3.82870918e-01
00732 -1.09974018e-01 -3.85203318e+00   4.93664962    4.21938981 +2.22445440e+03 +7.41248560e-01 +3.84725438e-01
00733 -1.09023471e-01 -3.87195856e+00   4.94422744    4.22065160 +2.21413524e+03 +7.41008746e-01 +3.86532012e-01
00734 -1.08085021e-01 -3.89188280e+00   4.95188846    4.22187304 +2.20335109e+03 +7.40775457e-01 +3.88291050e-01
00735 -1.07158462e-01 -3.91180591e+00   4.95962963    4.22305498 +2.19205625e+03 +7.40548650e-01 +3.90002965e-01
00736 -1.06243588e-01 -3.93172791e+00   4.96744785    4.22419827 +2.18020395e+03 +7.40328280e-01 +3.91668171e-01
00737 -1.05340201e-01 -3.95164880e+00   4.97534004    4.22530372 +2.16774624e+03 +7.40114302e-01 +3.93287084e-01
00738 -1.04448106e-01 -3.97156862e+00   4.98330312    4.22637214 +2.15463403e+03 +7.39906669e-01 +3.94860123e-01
00739 -1.03567111e-01 -3.99148739e+00   4.99133396    4.22740429 +2.14081709e+03 +7.39705333e-01 +3.96387708e-01
00740 -1.02697029e-01 -4.01140515e+00   4.99942948    4.22840095 +2.12624401e+03 +7.39510246e-01 +3.97870262e-01
00741 -1.01837678e-01 -4.03132193e+00   5.00758655    4.22936286 +2.11086223e+03 +7.39321358e-01 +3.99308214e-01
00742 -1.00988879e-01 -4.05123779e+00   5.01580208    4.23029074 +2.09461802e+03 +7.39138619e-01 +4.00701992e-01
00743 -1.00150455e-01 -4.07115276e+00   5.02407295    4.23118530 +2.07745651e+03 +7.38961976e-01 +4.02052030e-01
00744 -9.93222348e-02 -4.09106691e+00   5.03239605    4.23204724 +2.05932170e+03 +7.38791378e-01 +4.03358763e-01
00745 -9.85040505e-02 -4.11098028e+00   5.04076829    4.23287723 +2.04015645e+03 +7.38626771e-01 +4.04622633e-01
00746 -9.76957370e-02 -4.13089295e+00   5.04918655    4.23367594 +2.01990254e+03 +7.38468100e-01 +4.05844082e-01
00747 -9.68971329e-02 -4.15080497e+00   5.05764776    4.23444400 +1.99850070e+03 +7.38315310e-01 +4.07023558e-01
00748 -9.61080800e-02 -4.17071641e+00   5.06614884    4.23518206 +1.97589058e+03 +7.38168344e-01 +4.08161510e-01
00749 -9.53284235e-02 -4.19062735e+00   5.07468671    4.23589073 +1.95201086e+03 +7.38027144e-01 +4.09258394e-01
00750 -9.45580116e-02 -4.21053785e+00   5.08325834    4.23657062 +1.92679926e+03 +7.37891653e-01 +4.10314668e-01
00751 -9.37966957e-02 -4.23044799e+00   5.09186068    4.23722230 +1.90019256e+03 +7.37761811e-01 +4.11330792e-01
00752 -9.30443302e-02 -4.25035785e+00   5.10049073    4.23784637 +1.87212671e+03 +7.37637557e-01 +4.12307232e-01
00753 -9.23007725e-02 -4.27026750e+00   5.10914550    4.23844337 +1.84253682e+03 +7.37518831e-01 +4.13244456e-01
00754 -9.15658828e-02 -4.29017702e+00   5.11782202    4.23901387 +1.81135726e+03 +7.37405570e-01 +4.14142936e-01
00755 -9.08395242e-02 -4.31008651e+00   5.12651735    4.23955841 +1.77852171e+03 +7.37297712e-01 +4.15003147e-01
00756 -9.01215625e-02 -4.32999602e+00   5.13522860    4.24007750 +1.74396325e+03 +7.37195193e-01 +4.15825568e-01
00757 -8.94118665e-02 -4.34990566e+00   5.14395287    4.24057167 +1.70761437e+03 +7.37097948e-01 +4.16610679e-01
00758 -8.87103072e-02 -4.36981550e+00   5.15268735    4.24104141 +1.66940714e+03 +7.37005912e-01 +4.17358966e-01
00759 -8.80167586e-02 -4.38972561e+00   5.16142922    4.24148723 +1.62927319e+03 +7.36919019e-01 +4.18070914e-01
00760 -8.73310970e-02 -4.40963608e+00   5.17017571    4.24190960 +1.58714387e+03 +7.36837203e-01 +4.18747013e-01
00761 -8.66532012e-02 -4.42954699e+00   5.17892412    4.24230899 +1.54295030e+03 +7.36760396e-01 +4.19387756e-01
00762 -8.59829527e-02 -4.44945841e+00   5.18767175    4.24268587 +1.49662344e+03 +7.36688530e-01 +4.19993636e-01
00763 -8.53202350e-02 -4.46937042e+00   5.19641599    4.24304069 +1.44809424e+03 +7.36621538e-01 +4.20565150e-01
00764 -8.46649342e-02 -4.48928310e+00   5.20515424    4.24337388 +1.39729369e+03 +7.36559350e-01 +4.21102796e-01
00765 -8.40169386e-02 -4.50919651e+00   5.21388397    4.24368589 +1.34415293e+03 +7.36501896e-01 +4.21607074e-01
00766 -8.33761387e-02 -4.52911072e+00   5.22260270    4.24397714 +1.28860332e+03 +7.36449107e-01 +4.22078483e-01
00767 -8.27424271e-02 -4.54902581e+00   5.23130800    4.24424803 +1.23057661e+03 +7.36400913e-01 +4.22517528e-01
00768 -8.21156988e-02 -4.56894183e+00   5.23999749    4.24449898 +1.17000496e+03 +7.36357243e-01 +4.22924710e-01
00769 -8.14958506e-02 -4.58885884e+00   5.24866887    4.24473038 +1.10682109e+03 +7.36318025e-01 +4.23300534e-01
00770 -8.08827815e-02 -4.60877690e+00   5.25731986    4.24494262 +1.04095837e+03 +7.36283189e-01 +4.23645505e-01
00771 -8.02763923e-02 -4.62869607e+00   5.26594826    4.24513609 +9.72350912e+02 +7.36252663e-01 +4.23960126e-01
00772 -7.96765859e-02 -4.64861640e+00   5.27455195    4.24531115 +9.00933700e+02 +7.36226376e-01 +4.24244903e-01
00773 -7.90832672e-02 -4.66853794e+00   5.28312883    4.24546817 +8.26642655e+02 +7.36204255e-01 +4.24500340e-01
00774 -7.84963426e-02 -4.68846073e+00   5.29167689    4.24560750 +7.49414756e+02 +7.36186229e-01 +4.24726941e-01
00775 -7.79157207e-02 -4.70838480e+00   5.30019418    4.24572951 +6.69188137e+02 +7.36172226e-01 +4.24925209e-01
00776 -7.73413115e-02 -4.72831021e+00   5.30867880    4.24583453 +5.85902177e+02 +7.36162173e-01 +4.25095646e-01
00777 -7.67730270e-02 -4.74823697e+00   5.31712894    4.24592289 +4.99497600e+02 +7.36156000e-01 +4.25238754e-01
00778 -7.62107806e-02 -4.76816513e+00   5.32554283    4.24599494 +4.09916566e+02 +7.36153633e-01 +4.25355032e-01
00779 -7.56544878e-02 -4.78809471e+00   5.33391877    4.24605098 +3.17102759e+02 +7.36155002e-01 +4.25444978e-01
00780 -7.51040651e-02 -4.80802573e+00   5.34225514    4.24609135 +2.21001476e+02 +7.36160034e-01 +4.25509087e-01
00781 -7.45594310e-02 -4.82795822e+00   5.35055036    4.24611634 +1.21559708e+02 +7.36168658e-01 +4.25547855e-01
00782 -7.40205054e-02 -4.84789218e+00   5.35880294    4.24612627 +1.87262193e+01 +7.36180804e-01 +4.25561771e-01
