# No              x0             py0            T            C            Stab              yq             pxq
00000 +1.83215943e+00 -1.18357307e+01   6.28058275 -140.00000000 +9.96416816e-01 -2.36561774e+01 +1.18204457e+01
00001 +1.40175408e+00 -1.14056000e+01   6.28027691 -130.00000000 +9.95995912e-01 -2.27947411e+01 +1.13891399e+01
00002 +9.54450945e-01 -1.09586173e+01   6.27990609 -120.00000000 +9.95485650e-01 -2.18994051e+01 +1.09407863e+01
00003 +4.88088227e-01 -1.04926333e+01   6.27944920 -110.00000000 +9.94857025e-01 -2.09658174e+01 +1.04731822e+01
00004 +7.92095416e+00 -1.00049992e+01   6.27887542 -100.00000000 +9.94067693e-01 -1.99886060e+01 +9.98360442e+00
00005 +9.48683256e+00 -9.49238751e+00   6.27813813  -90.00000000 +9.93053643e-01 -1.89610081e+01 +9.46861750e+00
00006 +8.94427135e+00 -8.95052054e+00   6.27716380  -80.00000000 +9.91713901e-01 -1.78743069e+01 +8.92378221e+00
00007 +8.36659948e+00 -8.37374121e+00   6.27583009  -70.00000000 +9.89880665e-01 -1.67169347e+01 +8.34318771e+00
00008 +7.74596554e+00 -7.75429721e+00   6.27391967  -60.00000000 +9.87256013e-01 -1.54729649e+01 +7.71865915e+00
00009 +7.07106601e+00 -7.08106338e+00   6.27101132  -50.00000000 +9.83263283e-01 -1.41193886e+01 +7.03831175e+00
00010 +6.32455219e+00 -6.33704760e+00   6.26618557  -40.00000000 +9.76646044e-01 -1.26207083e+01 +6.28363720e+00
00011 +5.47721924e+00 -5.49387645e+00   6.25705312  -30.00000000 +9.64150198e-01 -1.09166606e+01 +5.42273617e+00
00012 +4.47211906e+00 -4.49709283e+00   6.23535516  -20.00000000 +9.34604802e-01 -8.88786936e+00 +4.39064512e+00
00013 +3.16219445e+00 -3.21204224e+00   6.14989902  -10.00000000 +8.20349723e-01 -6.21399449e+00 +3.00123023e+00
00014 +3.08211410e+00 -3.13457209e+00   6.13950377   -9.50000000 +8.06690016e-01 -6.04832315e+00 +2.91293320e+00
00015 +2.99989585e+00 -3.05525197e+00   6.12769222   -9.00000000 +7.91233720e-01 -5.87780671e+00 +2.82162233e+00
00016 +2.91535869e+00 -2.97395119e+00   6.11418052   -8.50000000 +7.73639812e-01 -5.70199176e+00 +2.72696998e+00
00017 +2.82829455e+00 -2.89052439e+00   6.09860775   -8.00000000 +7.53477325e-01 -5.52035057e+00 +2.62858713e+00
00018 +2.73846225e+00 -2.80480965e+00   6.08050898   -7.50000000 +7.30202974e-01 -5.33226323e+00 +2.52600679e+00
00019 +2.64557973e+00 -2.71662637e+00   6.05927645   -7.00000000 +7.03116381e-01 -5.13699425e+00 +2.41866153e+00
00020 +2.54931360e+00 -2.62577330e+00   6.03410268   -6.50000000 +6.71316740e-01 -4.93366113e+00 +2.30585245e+00
00021 +2.44926520e+00 -2.53202695e+00   6.00389500   -6.00000000 +6.33613860e-01 -4.72119186e+00 +2.18670535e+00
00022 +2.34495136e+00 -2.43514140e+00   5.96714408   -5.50000000 +5.88433154e-01 -4.49826610e+00 +2.06010783e+00
00023 +2.23577753e+00 -2.33485119e+00   5.92171593   -5.00000000 +5.33652315e-01 -4.26323312e+00 +1.92461654e+00
00024 +2.12099910e+00 -2.23088134e+00   5.86451258   -4.50000000 +4.66395851e-01 -4.01399543e+00 +1.77831731e+00
00025 +1.99966506e+00 -2.12297348e+00   5.79090022   -4.00000000 +3.82754668e-01 -3.74784370e+00 +1.61860905e+00
00026 +1.87053431e+00 -2.01094853e+00   5.69371236   -3.50000000 +2.77478765e-01 -3.46122677e+00 +1.44186305e+00
00027 +1.73195273e+00 -1.89485671e+00   5.56145881   -3.00000000 +1.43880119e-01 -3.14945783e+00 +1.24288239e+00
00028 +1.58168819e+00 -1.77534686e+00   5.37506712   -2.50000000 -2.52075951e-02 -2.80646069e+00 +1.01407642e+00
00029 +1.41680470e+00 -1.65461742e+00   5.10225636   -2.00000000 -2.32598443e-01 -2.42513333e+00 +7.44449866e-01
00030 +1.23413778e+00 -1.53892060e+00   4.69079874   -1.50000000 -4.61310051e-01 -2.00084934e+00 +4.19844756e-01
00031 +1.03399552e+00 -1.44424671e+00   4.07953342   -1.00000000 -6.45974036e-01 -1.54635929e+00 +3.19747617e-02
00032 +8.31849657e-01 -1.39978700e+00   3.29137359   -0.50000000 -6.79951157e-01 -1.12179106e+00 -3.89123631e-01
00033 +6.59658383e-01 -1.42296493e+00   2.52523443    0.00000000 -5.08086833e-01 -8.07049234e-01 -7.67169161e-01
00034 +5.31821015e-01 -1.49528641e+00   1.93634009    0.50000000 -2.04091669e-01 -6.06947755e-01 -1.06493039e+00
00035 +4.39912913e-01 -1.59157041e+00   1.51822353    1.00000000 +1.02966307e-01 -4.80301110e-01 -1.29847782e+00
00036 +3.72523158e-01 -1.69752859e+00   1.22030528    1.50000000 +3.49227296e-01 -3.95565300e-01 -1.49018527e+00
00037 +3.21628428e-01 -1.80644355e+00   1.00267449    2.00000000 +5.28844816e-01 -3.35496204e-01 -1.65481013e+00
00038 +2.82117131e-01 -1.91515941e+00   0.83939798    2.50000000 +6.55486459e-01 -2.90856659e-01 -1.80108965e+00
00039 +2.50708403e-01 -2.02216626e+00   0.71391814    3.00000000 +7.44254320e-01 -2.56437804e-01 -1.93426119e+00
00040 +2.25233820e-01 -2.12675512e+00   0.61544293    3.50000000 +8.06924442e-01 -2.29119690e-01 -2.05759457e+00
00041 +2.04214888e-01 -2.22862633e+00   0.53674099    4.00000000 +8.51754132e-01 -2.06929189e-01 -2.17322669e+00
00042 +1.86614472e-01 -2.32769603e+00   0.47283467    4.50000000 +8.84323391e-01 -1.88559783e-01 -2.28261719e+00
00043 +1.71686581e-01 -2.42399501e+00   0.42021312    5.00000000 +9.08369738e-01 -1.73112592e-01 -2.38680433e+00
00044 +1.58882701e-01 -2.51761389e+00   0.37634555    5.50000000 +9.26406303e-01 -1.59949093e-01 -2.48655395e+00
00045 +1.47791612e-01 -2.60867258e+00   0.33937197    6.00000000 +9.40140514e-01 -1.48603332e-01 -2.58244928e+00
00046 +1.38099652e-01 -2.69730338e+00   0.30790137    6.50000000 +9.45769419e-01 -1.38727327e-01 -2.67494709e+00
00047 +1.29563936e-01 -2.78363959e+00   0.28087743    7.00000000 +9.59046945e-01 -1.30056317e-01 -2.76441316e+00
00048 +1.21993628e-01 -2.86781342e+00   0.25748602    7.50000000 +9.65620575e-01 -1.22384825e-01 -2.85114764e+00
00049 +1.15237032e-01 -2.94994987e+00   0.23709206    8.00000000 +9.70886148e-01 -1.15551464e-01 -2.93540006e+00
00050 +1.09172129e-01 -3.03016693e+00   0.21919413    8.50000000 +9.75147688e-01 -1.09427537e-01 -3.01738157e+00
00051 +1.03699764e-01 -3.10857481e+00   0.20339208    9.00000000 +9.78629726e-01 -1.03909233e-01 -3.09727299e+00
00052 +9.87385984e-02 -3.18527589e+00   0.18936342    9.50000000 +9.81500045e-01 -9.89119119e-02 -3.17523096e+00
00053 +9.42213279e-02 -3.26036502e+00   0.17684593   10.00000000 +9.83885486e-01 -9.43658911e-02 -3.25139241e+00
00054 +4.89182139e-02 -4.52183075e+00   0.06726632   20.00000000 +9.97705205e-01 -4.89292893e-02 -4.52002165e+00
00055 +3.29348842e-02 -5.51045211e+00   0.03733383   30.00000000 +9.99297255e-01 -3.29371938e-02 -5.50977216e+00
00056 +2.48046733e-02 -6.34950417e+00   0.02445109   40.00000000 +9.99699396e-01 -2.48054212e-02 -6.34916794e+00
00057 +1.98878147e-02 -7.09103880e+00   0.01757317   50.00000000 +9.99844963e-01 -1.98881248e-02 -7.09084479e+00
00058 +1.65954047e-02 -7.76261508e+00   0.01340410   60.00000000 +9.99909884e-01 -1.65955554e-02 -7.76249149e+00
00059 +1.42371780e-02 -8.38087359e+00   0.01065567   70.00000000 +9.99943086e-01 -1.42372598e-02 -8.38078926e+00
00060 +1.24652073e-02 -8.95676306e+00   0.00873226   80.00000000 +9.99961795e-01 -1.24652554e-02 -8.95670253e+00
00061 +1.10851753e-02 -9.49793751e+00   0.00732467   90.00000000 +9.99973128e-01 -1.10852053e-02 -9.49789235e+00
00062 +9.98005982e-03 -1.00099950e+01   0.00625817  100.00000000 +9.99980389e-01 -9.98007960e-03 -1.00099602e+01
00063 +9.07519025e-03 -1.04971754e+01   0.00542736  110.00000000 +9.99985253e-01 -9.07520378e-03 -1.04971480e+01
00064 +8.32068344e-03 -1.09627813e+01   0.00476529  120.00000000 +9.99988633e-01 -8.32069300e-03 -1.09627592e+01
00065 +7.68194927e-03 -1.14094439e+01   0.00422761  130.00000000 +9.99991055e-01 -7.68195622e-03 -1.14094259e+01
